0.833
0.8347
0.8346
0.8347
0.835
0.8349
0.8346
0.8349
0.8348
0.8351
0.8336
0.8335
0.8334
0.8337
0.8336
0.8334
0.8334
0.8336
0.8349
0.8352
0.8354
0.8352
0.8351
0.8344
0.8348
0.8344
0.8337
0.8354
0.8357
0.8349
0.8347
0.8365
0.836
0.8339
0.8337
0.834
0.8341
0.834
0.834
0.834
0.8341
0.8343
0.834
0.8338
0.8333
0.8334
0.8332
0.8331
0.8327
0.834
0.8341
0.8325
0.8327
0.832
0.831
0.8297
0.8282
0.8277
0.827
0.8284
0.8288
0.8286
0.8285
0.8285
0.8286
0.8285
0.8281
0.8279
0.8283
0.8285
0.8281
0.8282
0.8283
0.8278
0.8262
0.8263
0.8259
0.8267
0.8265
0.8264
0.8267
0.8261
0.826
0.8254
0.8253
0.8255
0.8253
0.825
0.8253
0.8253
0.8251
0.825
0.8252
0.8249
0.8247
0.8246
0.825
0.8249
0.8257
0.8257
0.8253
0.8259
0.8262
0.8255
0.8256
0.8246
0.8249
0.8242
0.8247
0.8249
0.824
0.8235
0.8235
0.8228
0.8228
0.8238
0.8236
0.8236
0.8232
0.8232
0.8238
0.8244
0.8262
0.8269
0.8274
0.8255
0.8265
0.8243
0.8251
0.8248
0.8244
0.8256
0.8258
0.8257
0.8257
0.8257
0.8256
0.8257
0.8266
0.8255
0.8257
0.8249
0.8252
0.8262
0.8263
0.8259
0.825
0.8254
0.8261
0.8272
0.826
0.8285
0.8266
0.8259
0.8249
0.8252
0.8252
0.8254
0.8255
0.825
0.8251
0.8249
0.8242
0.824
0.8245
0.8242
0.8242
0.8241
0.8245
0.8247
0.8252
0.8251
0.8259
0.8264
0.8252
0.8262
0.8263
0.8252
0.8266
0.8277
0.8285
0.8286
0.8289
0.8293
0.8288
0.8292
0.8296
0.8294
0.8297
0.8302
0.8303
0.8302
0.8297
0.8296
0.8313
0.8307
0.8316
0.8318
0.8309
0.8304
0.8326
0.836
0.8355
0.8363
0.8366
0.8362
0.836
0.836
0.8357
0.8353
0.8353
0.8353
0.8354
0.8353
0.8356
0.8359
0.8367
0.8363
0.8361
0.8366
0.8355
0.8344
0.8329
0.8334
0.8304
0.8278
0.8288
0.8283
0.828
0.8281
0.8281
0.8273
0.8273
0.8273
0.8271
0.8267
0.8258
0.8257
0.8257
0.826
0.8258
0.8256
0.8264
0.828
0.8262
0.827
0.8277
0.8275
0.8267
0.8269
0.8272
0.8263
0.827
0.8265
0.8265
0.8262
0.8264
0.8264
0.8263
0.827
0.8269
0.8283
0.8284
0.8283
0.828
0.8277
0.8293
0.8295
0.8306
0.8305
0.8307
0.8309
0.8299
0.8287
0.8296
0.8297
0.8294
0.8297
0.8303
0.8303
0.8305
0.8307
0.8309
0.831
0.8313
0.8327
0.8322
0.8323
0.8319
0.8316
0.8322
0.8309
0.8333
0.834
0.8342
0.8332
0.8346
0.834
0.8327
0.8316
0.8329
0.8326
0.8324
0.8323
0.8329
0.833
0.833
0.8333
0.8325
0.833
0.8336
0.8329
0.8328
0.8332
0.8337
0.8333
0.835
0.8344
0.8361
0.8353
0.8357
0.8349
0.8337
0.8345
0.8353
0.8362
0.836
0.8363
0.837
0.8372
0.837
0.8366
0.8366
0.8365
0.8367
0.8368
0.8367
0.8374
0.8377
0.8358
0.8348
0.8355
0.835
0.8344
0.8329
0.8321
0.8325
0.8326
0.8321
0.8318
0.8315
0.8312
0.8304
0.83
0.8286
0.8291
0.8294
0.8292
0.8288
0.8292
0.8289
0.8291
0.8297
0.8298
0.8322
0.8314
0.8338
0.8348
0.8357
0.8362
0.8355
0.8365
0.8365
0.8354
0.8356
0.8362
0.8367
0.8356
0.8358
0.8359
0.8363
0.8358
0.8355
0.8356
0.8359
0.8363
0.8366
0.8369
0.8364
0.8368
0.8359
0.8351
0.834
0.8314
0.8328
0.8326
0.8338
0.8346
0.8341
0.8344
0.8339
0.8341
0.8339
0.834
0.8344
0.8344
0.8336
0.8338
0.8339
0.8345
0.8348
0.8349
0.838
0.8335
0.832
0.8323
0.8322
0.8319
0.831
0.8322
0.8336
0.8362
0.8359
0.8362
0.8368
0.8371
0.8369
0.8368
0.8366
0.8365
0.8368
0.837
0.8373
0.8377
0.8376
0.8367
0.8353
0.8382
0.838
0.8387
0.8376
0.8386
0.8394
0.8379
0.837
0.8367
0.8353
0.8351
0.8352
0.835
0.8353
0.8346
0.8349
0.8355
0.8361
0.8361
0.8357
0.8356
0.8358
0.8345
0.8345
0.835
0.8371
0.8361
0.8368
0.8346
0.8357
0.8378
0.8394
0.8387
0.8401
0.84
0.8401
0.8402
0.8402
0.8399
0.8399
0.8396
0.8388
0.839
0.839
0.8386
0.8385
0.8381
0.8391
0.8387
0.838
0.8371
0.8359
0.8355
0.8351
0.8363
0.8362
0.8363
0.8368
0.8363
0.8359
0.8361
0.8364
0.8364
0.8364
0.8369
0.8372
0.8379
0.8381
0.8381
0.8381
0.8377
0.837
0.8365
0.8371
0.8364
0.8354
0.8353
0.8347
0.832
0.8289
0.8287
0.8298
0.8297
0.8304
0.8297
0.8301
0.8299
0.8299
0.829
0.8294
0.8292
0.8295
0.8293
0.8293
0.8282
0.8301
0.8308
0.8335
0.8333
0.8316
0.8313
0.8319
0.8323
0.8322
0.8324
0.8319
0.8312
0.8309
0.8312
0.8311
0.8309
0.8312
0.8317
0.8315
0.8318
0.8314
0.831
0.8313
0.8313
0.8318
0.8298
0.8304
0.8305
0.8282
0.8278
0.829
0.8305
0.8319
0.8326
0.8316
0.8316
0.8314
0.8316
0.8317
0.8315
0.831
0.8308
0.8307
0.8305
0.8304
0.8304
0.8306
0.8305
0.8307
0.8311
0.8305
0.8314
0.8312
0.8318
0.8309
0.8298
0.8299
0.8304
0.8306
0.8312
0.831
0.8307
0.8312
0.8294
0.8307
0.8298
0.8296
0.8292
0.8295
0.8294
0.8294
0.8277
0.8299
0.8288
0.8287
0.829
0.8279
0.8286
0.8265
0.8285
0.8277
0.8293
0.8299
0.8292
0.8292
0.8294
0.8292
0.8294
0.8294
0.8292
0.8295
0.8293
0.8284
0.8288
0.829
0.8299
0.831
0.8305
0.831
0.8299
0.8292
0.829
0.8325
0.8332
0.8341
0.8335
0.8341
0.8338
0.8336
0.8335
0.834
0.8338
0.8333
0.8334
0.8335
0.8333
0.8332
0.8331
0.8339
0.8338
0.8339
0.8338
0.833
0.8355
0.8365
0.8345
0.8343
0.8362
0.8378
0.838
0.8383
0.8379
0.838
0.838
0.8376
0.8374
0.8378
0.8377
0.8383
0.8384
0.8383
0.8387
0.8392
0.8397
0.8388
0.8394
0.8379
0.8379
0.8354
0.8355
0.8373
0.8394
0.8394
0.8394
0.8395
0.8398
0.8398
0.8398
0.8391
0.8399
0.8395
0.8401
0.8401
0.8398
0.8396
0.8394
0.8397
0.8394
0.8391
0.8393
0.8371
0.837
0.8363
0.8355
0.8352
0.8367
0.8372
0.8373
0.8377
0.8372
0.8366
0.8367
0.8374
0.8374
0.8383
0.8391
0.8383
0.8383
0.8385
0.8388
0.8391
0.8393
0.8388
0.8392
0.8393
0.8391
0.8383
0.8388
0.8387
0.8377
0.8374
0.8369
0.8371
0.837
0.8369
0.8368
0.8365
0.8361
0.8364
0.8366
0.8371
0.8373
0.8375
0.8376
0.8378
0.8375
0.8368
0.8365
0.8374
0.8382
0.8378
0.8376
0.8383
0.8374
0.8383
0.8381
0.8379
0.8361
0.8363
0.8359
0.8363
0.8363
0.8366
0.8365
0.8365
0.8364
0.8372
0.8376
0.8374
0.8377
0.8376
0.8376
0.8392
0.8393
0.8377
0.8372
0.8344
0.834
0.8337
0.8325
0.8328
0.8319
0.8319
0.8323
0.8322
0.8323
0.8319
0.8319
0.8312
0.8311
0.8305
0.8308
0.8306
0.8309
0.83
0.8302
0.8292
0.8297
0.8291
0.8287
0.8284
0.8291
0.8287
0.8286
0.8299
0.8303
0.83
0.8308
0.8312
0.831
0.8308
0.8304
0.8303
0.8306
0.8307
0.8308
0.8308
0.8305
0.8308
0.8315
0.8305
0.8302
0.8294
0.8304
0.831
0.8332
0.8318
0.8317
0.8312
0.8308
0.8306
0.8308
0.8303
0.8301
0.832
0.8334
0.8324
0.832
0.8319
0.832
0.832
0.8321
0.8321
0.8318
0.8324
0.8335
0.835
0.8356
0.8364
0.8357
0.8355
0.8359
0.8359
0.8354
0.8355
0.8355
0.8351
0.835
0.8353
0.8343
0.8353
0.8349
0.8363
0.8368
0.837
0.8369
0.8375
0.8354
0.8373
0.8363
0.837
0.8356
0.8355
0.8377
0.8377
0.838
0.839
0.8385
0.8388
0.839
0.8388
0.8387
0.8383
0.8389
0.8386
0.8382
0.8378
0.8382
0.8378
0.8381
0.8381
0.8388
0.8384
0.8425
0.8415
0.8418
0.8446
0.8443
0.8445
0.845
0.8451
0.8455
0.8451
0.8449
0.8451
0.8454
0.8455
0.8457
0.8455
0.8456
0.8461
0.8459
0.8458
0.8456
0.8458
0.8464
0.8484
0.8474
0.8468
0.8456
0.8458
0.8455
0.8471
0.8476
0.8478
0.848
0.8484
0.8486
0.8494
0.849
0.8489
0.849
0.849
0.849
0.849
0.8492
0.849
0.8493
0.8492
0.8501
0.8487
0.8473
0.8474
0.8489
0.8484
0.8472
0.8483
0.8488
0.8483
0.8489
0.8478
0.847
0.8465
0.847
0.847
0.8469
0.8477
0.8479
0.8478
0.8475
0.8477
0.8474
0.8477
0.8475
0.848
0.8463
0.8464
0.8447
0.8443
0.8458
0.8447
0.8444
0.8456
0.8461
0.8463
0.8464
0.8466
0.8467
0.8465
0.8465
0.8468
0.8465
0.8468
0.8468
0.8477
0.8479
0.8481
0.8483
0.8474
0.8477
0.8473
0.8481
0.8478
0.8484
0.8472
0.8481
0.8476
0.8467
0.847
0.8471
0.8468
0.8468
0.846
0.8463
0.8464
0.8461
0.8464
0.8462
0.8458
0.8461
0.8455
0.8458
0.845
0.845
0.8444
0.8431
0.843
0.8432
0.8432
0.8421
0.8374
0.8374
0.8379
0.8372
0.8377
0.8373
0.8371
0.837
0.8371
0.8371
0.8374
0.8376
0.8376
0.8378
0.838
0.8378
0.8364
0.8365
0.8369
0.8359
0.8358
0.8344
0.834
0.8348
0.8352
0.8348
0.8346
0.8343
0.8346
0.8342
0.834
0.8344
0.8346
0.8348
0.8346
0.8342
0.8342
0.8338
0.8339
0.834
0.8333
0.8324
0.832
0.8315
0.8323
0.8332
0.8336
0.8328
0.8326
0.8327
0.8328
0.8326
0.8339
0.8336
0.8336
0.8336
0.8333
0.8327
0.8334
0.8348
0.8343
0.8341
0.8341
0.8338
0.834
0.8345
0.834
0.8343
0.8343
0.8337
0.8339
0.8335
0.8332
0.8335
0.8333
0.8335
0.8337
0.8333
0.8333
0.8328
0.8331
0.8328
0.8327
0.8327
0.8326
0.8324
0.8321
0.8324
0.8328
0.8329
0.8334
0.8347
0.8328
0.8327
0.8326
0.8325
0.8326
0.8331
0.8344
0.8346
0.8348
0.8342
0.8341
0.8345
0.8342
0.8344
0.8346
0.8351
0.8354
0.8351
0.8353
0.8354
0.8353
0.8351
0.8344
0.835
0.8352
0.8348
0.8345
0.8347
0.8345
0.8353
0.835
0.835
0.8347
0.8352
0.8353
0.8352
0.8352
0.8353
0.8353
0.8351
0.8354
0.8361
0.8358
0.8356
0.8357
0.8356
0.8348
0.8351
0.8363
0.8376
0.8385
0.8388
0.8383
0.8389
0.8378
0.8381
0.8382
0.8383
0.8385
0.8383
0.8385
0.8387
0.8386
0.8382
0.8385
0.8385
0.8383
0.8381
0.8375
0.8366
0.8364
0.8386
0.8386
0.8366
0.8362
0.8351
0.8349
0.836
0.8362
0.8366
0.8364
0.8365
0.8365
0.8361
0.8361
0.8366
0.837
0.8374
0.8368
0.8355
0.8356
0.8355
0.8358
0.8354
0.8359
0.8357
0.8361
0.8375
0.8391
0.8388
0.8392
0.839
0.8398
0.8415
0.8413
0.8407
0.8409
0.8407
0.8409
0.8407
0.8408
0.8411
0.8414
0.8413
0.8416
0.8418
0.8415
0.841
0.8414
0.8412
0.8388
0.8388
0.8377
0.8375
0.8359
0.8336
0.8343
0.8328
0.8337
0.8336
0.8331
0.8327
0.8328
0.8326
0.8328
0.8327
0.8323
0.8327
0.8332
0.8332
0.833
0.8325
0.8323
0.832
0.8306
0.8315
0.8321
0.8319
0.8314
0.8318
0.8327
0.8303
0.8304
0.8308
0.8308
0.8306
0.831
0.8313
0.8315
0.8318
0.8318
0.8318
0.8321
0.8323
0.8327
0.8318
0.8334
0.8331
0.8328
0.8332
0.8331
0.8325
0.8331
0.8337
0.8341
0.8341
0.8328
0.8329
0.8328
0.8323
0.8322
0.8322
0.8323
0.8327
0.8326
0.8322
0.8325
0.8328
0.8325
0.8326
0.8318
0.8315
0.8307
0.8302
0.8303
0.8308
0.8308
0.8305
0.8311
0.8311
0.8323
0.832
0.8318
0.8316
0.831
0.831
0.8316
0.8315
0.832
0.8316
0.8315
0.8313
0.8315
0.8312
0.8312
0.8309
0.8305
0.83
0.8311
0.8305
0.829
0.8286
0.8293
0.8312
0.8333
0.833
0.8326
0.8325
0.8328
0.8327
0.833
0.8326
0.8327
0.8329
0.8329
0.8332
0.8337
0.8337
0.8336
0.8337
0.8339
0.834
0.8316
0.8321
0.8321
0.8319
0.8337
0.8349
0.8338
0.834
0.8339
0.8336
0.8335
0.8335
0.8337
0.834
0.8344
0.8358
0.8353
0.8353
0.8353
0.8358
0.8356
0.8355
0.8344
0.8343
0.8366
0.8352
0.8353
0.8347
0.835
0.8338
0.8322
0.8328
0.8322
0.8325
0.8325
0.8325
0.8324
0.8326
0.8325
0.8333
0.8338
0.8334
0.8335
0.8338
0.8343
0.8341
0.8325
0.8302
0.8328
0.8327
0.8331
0.8331
0.8324
0.8328
0.8346
0.8341
0.8334
0.8332
0.8337
0.8341
0.8343
0.8344
0.8343
0.8341
0.8341
0.8345
0.8346
0.8346
0.8341
0.8345
0.8345
0.8357
0.8356
0.8361
0.8355
0.8362
0.8352
0.8356
0.8359
0.8357
0.8358
0.8355
0.8357
0.8358
0.8358
0.8359
0.8366
0.8365
0.8359
0.8359
0.836
0.8358
0.8358
0.8358
0.8353
0.8355
0.835
0.8352
0.8337
0.8341
0.8361
0.8352
0.836
0.8361
0.8359
0.8361
0.8362
0.8363
0.836
0.8363
0.8367
0.8367
0.8367
0.8364
0.8363
0.8364
0.8363
0.8361
0.8362
0.8353
0.8353
0.836
0.8368
0.8359
0.8349
0.8345
0.8341
0.8348
0.8353
0.8357
0.8353
0.8348
0.8343
0.835
0.8348
0.8354
0.8353
0.8349
0.8351
0.835
0.8351
0.8355
0.8363
0.8377
0.8384
0.8372
0.8385
0.8391
0.8374
0.8381
0.8383
0.8388
0.8385
0.8383
0.8381
0.8379
0.8379
0.8379
0.8379
0.8383
0.8381
0.8376
0.8377
0.8376
0.8374
0.8369
0.8375
0.8375
0.8367
0.8352
0.836
0.8356
0.8355
0.8359
0.8343
0.8336
0.8336
0.8336
0.8338
0.8337
0.8334
0.8334
0.8335
0.8342
0.8353
0.8353
0.8354
0.8356
0.8353
0.8351
0.8341
0.8337
0.8338
0.8335
0.8327
0.8329
0.8333
0.8344
0.8338
0.8337
0.8336
0.8335
0.8334
0.8337
0.8325
0.8325
0.8341
0.8342
0.8338
0.8339
0.8341
0.8342
0.8341
0.8343
0.8343
0.8329
0.8335
0.8321
0.8327
0.8315
0.8312
0.831
0.8298
0.8306
0.8315
0.8319
0.8316
0.8311
0.8311
0.8312
0.8309
0.8314
0.8312
0.8317
0.832
0.8317
0.8314
0.8315
0.8316
0.8319
0.8325
0.8321
0.8333
0.8328
0.8319
0.8332
0.833
0.8351
0.8352
0.8348
0.8345
0.8315
0.8314
0.8312
0.8317
0.8313
0.8316
0.8322
0.8307
0.8306
0.8308
0.8304
0.8307
0.8302
0.8301
0.8288
0.8297
0.8289
0.8286
0.8278
0.8275
0.8265
0.8262
0.8269
0.8269
0.8268
0.827
0.8271
0.8268
0.8268
0.8266
0.8266
0.8267
0.827
0.8268
0.8272
0.8267
0.827
0.8267
0.8262
0.825
0.8262
0.8248
0.8243
0.8242
0.8246
0.8255
0.8251
0.8252
0.8252
0.8253
0.8249
0.8251
0.825
0.8252
0.8247
0.8251
0.8244
0.8243
0.8236
0.8245
0.8238
0.8244
0.8244
0.8239
0.8242
0.8238
0.8246
0.8242
0.8241
0.8243
0.8246
0.8242
0.8243
0.8245
0.8246
0.8246
0.8236
0.8241
0.8241
0.8229
0.8232
0.823
0.8231
0.8233
0.8231
0.823
0.8239
0.8238
0.8235
0.8239
0.8244
0.8236
0.8237
0.8237
0.824
0.8249
0.8252
0.8247
0.8245
0.8244
0.8243
0.8243
0.8239
0.8244
0.8249
0.8248
0.8243
0.8244
0.824
0.8245
0.8245
0.825
0.8255
0.8257
0.8262
0.8262
0.8262
0.8262
0.825
0.8257
0.8253
0.8243
0.824
0.8244
0.8246
0.8244
0.8245
0.8244
0.8244
0.8243
0.8244
0.8244
0.8247
0.8243
0.824
0.8253
0.8255
0.825
0.8259
0.825
0.825
0.8247
0.8246
0.8242
0.8238
0.8236
0.8241
0.8237
0.8239
0.8239
0.8237
0.8237
0.8239
0.8245
0.8243
0.8246
0.8245
0.8244
0.8235
0.8239
0.8229
0.8232
0.8247
0.8241
0.8259
0.8256
0.8266
0.8258
0.8261
0.8261
0.8261
0.826
0.8261
0.8262
0.8265
0.8262
0.8258
0.826
0.826
0.8258
0.8259
0.826
0.8262
0.8258
0.8256
0.8264
0.8247
0.8238
0.8231
0.8239
0.8253
0.8247
0.825
0.8246
0.825
0.8247
0.8247
0.8243
0.8243
0.8237
0.8222
0.8228
0.8227
0.8224
0.8227
0.8227
0.8218
0.8221
0.8215
0.8222
0.8223
0.8226
0.8235
0.8231
0.8246
0.8232
0.824
0.8257
0.8259
0.8259
0.8261
0.826
0.8258
0.8255
0.8254
0.8254
0.8255
0.8254
0.8256
0.8254
0.8251
0.8249
0.825
0.8241
0.8234
0.8233
0.8233
0.823
0.825
0.8235
0.8236
0.8236
0.824
0.8237
0.8241
0.8241
0.8238
0.8238
0.824
0.8236
0.8236
0.8236
0.8235
0.8236
0.8234
0.8231
0.8189
0.8187
0.8181
0.8187
0.8181
0.8176
0.8181
0.8189
0.8186
0.8183
0.8189
0.8186
0.8189
0.8188
0.8187
0.8187
0.8187
0.8184
0.8183
0.8182
0.8184
0.8183
0.8169
0.8178
0.8178
0.8185
0.8184
0.817
0.8167
0.8176
0.8176
0.8171
0.8175
0.8173
0.8178
0.8181
0.818
0.8181
0.8182
0.8184
0.8187
0.8186
0.8185
0.8183
0.8182
0.8189
0.8173
0.8192
0.8169
0.8184
0.8182
0.8191
0.8187
0.8195
0.8191
0.8193
0.8198
0.8196
0.8201
0.8197
0.8191
0.8186
0.8186
0.8186
0.8186
0.8186
0.8186
0.8186
0.8186
0.8181
0.8173
0.8168
0.8168
0.8167
0.8162
0.8165
0.8152
0.8155
0.8152
0.8151
0.8151
0.815
0.8151
0.8154
0.8153
0.8157
0.8157
0.8156
0.8158
0.8154
0.8156
0.8156
0.8159
0.8159
0.8163
0.8158
0.8156
0.8152
0.815
0.8154
0.8154
0.8177
0.8177
0.8182
0.8181
0.8177
0.8172
0.817
0.8171
0.8173
0.8173
0.8173
0.8176
0.8173
0.8174
0.8175
0.8174
0.8171
0.8181
0.8179
0.8216
0.8212
0.8207
0.8193
0.8197
0.8194
0.8179
0.818
0.8175
0.8171
0.8175
0.8173
0.8176
0.8176
0.8176
0.8177
0.8177
0.8178
0.8178
0.8178
0.8176
0.8176
0.8173
0.8182
0.8172
0.8163
0.8164
0.8164
0.816
0.8164
0.8171
0.8171
0.8175
0.8171
0.8172
0.8174
0.8166
0.8151
0.8148
0.8154
0.8158
0.8155
0.8156
0.8158
0.8151
0.8152
0.8144
0.8142
0.8161
0.8153
0.8153
0.8152
0.8156
0.8155
0.8164
0.8156
0.8151
0.8147
0.8147
0.8142
0.8144
0.8144
0.8137
0.8134
0.8131
0.8132
0.8132
0.8131
0.8134
0.8135
0.8141
0.8136
0.8125
0.8131
0.8128
0.8124
0.8131
0.814
0.8143
0.8146
0.815
0.8146
0.8149
0.8158
0.8154
0.8154
0.8153
0.8155
0.8154
0.8154
0.8157
0.8158
0.8159
0.8163
0.8165
0.8173
0.8178
0.8181
0.8175
0.8176
0.8176
0.8174
0.8162
0.8148
0.8151
0.8151
0.8154
0.8157
0.816
0.8159
0.8161
0.8159
0.8158
0.8144
0.8143
0.8147
0.8149
0.8145
0.8146
0.8146
0.8134
0.8121
0.8117
0.8121
0.812
0.8122
0.813
0.8117
0.8121
0.8127
0.8128
0.8123
0.812
0.8121
0.8118
0.812
0.812
0.8121
0.812
0.8118
0.812
0.8119
0.8121
0.8126
0.813
0.812
0.8116
0.8114
0.8116
0.8132
0.8133
0.8117
0.8121
0.8123
0.8125
0.8125
0.8125
0.8129
0.8127
0.8125
0.8121
0.8121
0.8127
0.8127
0.8126
0.8122
0.8123
0.8122
0.8121
0.8121
0.8117
0.8109
0.8117
0.8124
0.8128
0.8114
0.8109
0.8105
0.8099
0.8107
0.8103
0.8091
0.8091
0.8044
0.8042
0.8047
0.8049
0.8051
0.8051
0.8049
0.8055
0.8055
0.8063
0.8057
0.806
0.8065
0.8063
0.8065
0.8072
0.8063
0.8058
0.8065
0.8063
0.8064
0.8066
0.8061
0.8062
0.8064
0.8063
0.8061
0.8056
0.8057
0.8056
0.8056
0.8057
0.8054
0.8063
0.8066
0.8065
0.8067
0.8064
0.8055
0.806
0.8048
0.8053
0.8052
0.8065
0.8061
0.8054
0.8047
0.8047
0.8042
0.8046
0.8044
0.8039
0.8038
0.8037
0.804
0.8036
0.8046
0.8041
0.8042
0.8052
0.8048
0.8047
0.8047
0.8043
0.8036
0.8024
0.8024
0.803
0.8022
0.8017
0.8018
0.8016
0.8017
0.801
0.8016
0.8019
0.8021
0.8022
0.8023
0.8021
0.8022
0.8039
0.8036
0.8031
0.8032
0.8008
0.8013
0.8014
0.8023
0.8017
0.8019
0.8017
0.8016
0.8013
0.801
0.8014
0.8015
0.8014
0.8017
0.8008
0.8011
0.8016
0.8014
0.8013
0.8012
0.8023
0.8028
0.8033
0.8036
0.8029
0.8044
0.8044
0.804
0.8043
0.8044
0.8037
0.8042
0.8037
0.8036
0.8034
0.8034
0.8026
0.8024
0.8026
0.8022
0.802
0.8019
0.8022
0.8025
0.8014
0.8011
0.801
0.8007
0.8012
0.8002
0.7993
0.7982
0.7967
0.7968
0.7974
0.798
0.7976
0.7973
0.7967
0.7966
0.7968
0.797
0.7969
0.7969
0.7969
0.7972
0.7971
0.7976
0.7983
0.7991
0.7994
0.7994
0.801
0.8004
0.7981
0.7975
0.7966
0.7969
0.797
0.7958
0.7955
0.7957
0.7956
0.7961
0.7963
0.7963
0.7963
0.7965
0.7968
0.7966
0.7962
0.7962
0.7953
0.7963
0.7964
0.7983
0.7985
0.7984
0.7993
0.7997
0.7988
0.7989
0.7991
0.7994
0.7994
0.7988
0.7988
0.799
0.7992
0.7995
0.8001
0.8
0.8
0.8003
0.8006
0.8006
0.8003
0.8004
0.7997
0.8004
0.8005
0.8002
0.8034
0.8031
0.8039
0.803
0.8035
0.8041
0.8037
0.8037
0.8033
0.8036
0.8039
0.8044
0.8049
0.8047
0.8044
0.804
0.8041
0.8039
0.8031
0.803
0.8032
0.803
0.8038
0.8041
0.8032
0.8042
0.8046
0.806
0.8057
0.8053
0.8061
0.8072
0.8075
0.8075
0.8074
0.8071
0.8077
0.8081
0.8087
0.8082
0.8079
0.8076
0.8073
0.8075
0.8074
0.8075
0.8072
0.8072
0.8073
0.8064
0.8062
0.8075
0.8089
0.8087
0.8083
0.8089
0.809
0.8094
0.8092
0.8093
0.809
0.8088
0.8085
0.8086
0.8084
0.8085
0.8084
0.8079
0.8082
0.8085
0.8087
0.8088
0.8089
0.8083
0.8077
0.8074
0.8072
0.807
0.8066
0.8062
0.8049
0.8045
0.8043
0.8038
0.8038
0.8034
0.804
0.8038
0.804
0.8042
0.8041
0.8048
0.8042
0.805
0.8034
0.8044
0.805
0.8055
0.8038
0.8013
0.8005
0.8
0.8008
0.8013
0.8018
0.8018
0.8018
0.8023
0.8017
0.8012
0.8011
0.8011
0.8014
0.8017
0.8017
0.8019
0.801
0.8011
0.8013
0.8014
0.8019
0.8008
0.8018
0.8016
0.8018
0.8014
0.8006
0.8002
0.8005
0.7999
0.7998
0.8001
0.8003
0.8006
0.8007
0.8005
0.8004
0.8003
0.8008
0.8008
0.8019
0.8035
0.8027
0.8027
0.8012
0.7999
0.7991
0.7993
0.8004
0.7996
0.7996
0.7993
0.7997
0.7994
0.8015
0.8016
0.801
0.801
0.8022
0.8021
0.8018
0.8017
0.8018
0.8033
0.8018
0.8019
0.8015
0.8018
0.8007
0.8003
0.799
0.7987
0.7994
0.7993
0.7994
0.7995
0.7995
0.7997
0.7997
0.7996
0.7992
0.7995
0.7996
0.7994
0.7996
0.7996
0.799
0.7995
0.7997
0.8
0.7989
0.7991
0.7991
0.8
0.7997
0.7991
0.7983
0.7986
0.7986
0.7986
0.7994
0.7991
0.7988
0.798
0.7983
0.798
0.7979
0.7982
0.7983
0.7985
0.7981
0.7986
0.7992
0.7994
0.7989
0.7985
0.7982
0.7978
0.7984
0.7978
0.7987
0.799
0.7992
0.7991
0.7991
0.7988
0.7988
0.7989
0.7991
0.7992
0.7994
0.7993
0.7994
0.8001
0.8003
0.8004
0.8007
0.8
0.8003
0.7998
0.8001
0.8004
0.8012
0.8033
0.8023
0.8021
0.8018
0.8022
0.8023
0.8024
0.8023
0.8024
0.8029
0.8021
0.8029
0.8031
0.8029
0.8033
0.8033
0.8036
0.8046
0.8069
0.8047
0.8043
0.8045
0.8052
0.8055
0.8057
0.8071
0.8065
0.8072
0.8078
0.8082
0.809
0.8091
0.8086
0.8078
0.8071
0.807
0.8068
0.8073
0.8071
0.8079
0.8076
0.8079
0.8084
0.808
0.8083
0.8088
0.8081
0.8112
0.8124
0.8122
0.8118
0.812
0.8119
0.812
0.8124
0.8121
0.8128
0.8135
0.8139
0.8137
0.8137
0.8133
0.8133
0.8133
0.8122
0.8113
0.8099
0.8102
0.81
0.8092
0.8094
0.8104
0.8107
0.8099
0.8097
0.8095
0.8096
0.8094
0.8092
0.8096
0.8095
0.8099
0.8097
0.8103
0.81
0.81
0.8104
0.8096
0.8088
0.8086
0.8089
0.808
0.8068
0.8066
0.8055
0.8083
0.8083
0.8099
0.8112
0.8106
0.8105
0.8112
0.8117
0.8118
0.8116
0.8122
0.8121
0.8119
0.8116
0.8117
0.8118
0.8121
0.8122
0.8119
0.8113
0.8114
0.8115
0.8085
0.8085
0.8099
0.8064
0.8077
0.808
0.8091
0.8102
0.8091
0.8088
0.8086
0.809
0.8095
0.8086
0.8084
0.8085
0.8084
0.8084
0.8082
0.8085
0.8085
0.8081
0.8078
0.8077
0.8074
0.8073
0.8076
0.8083
0.8088
0.8089
0.809
0.8088
0.808
0.8085
0.8085
0.8145
0.8132
0.8138
0.8125
0.8122
0.812
0.8122
0.8123
0.8123
0.8122
0.8107
0.8097
0.809
0.8083
0.8071
0.8075
0.807
0.8065
0.8058
0.8062
0.8066
0.8063
0.806
0.8059
0.8056
0.8054
0.8057
0.8059
0.8062
0.8061
0.8064
0.8063
0.8066
0.8068
0.8058
0.8069
0.8056
0.8054
0.8039
0.8044
0.8037
0.8015
0.8016
0.802
0.8027
0.8027
0.8025
0.803
0.8029
0.8032
0.803
0.8026
0.8025
0.8025
0.803
0.803
0.8032
0.8042
0.8044
0.8039
0.8052
0.8051
0.8057
0.8067
0.8055
0.8066
0.8096
0.809
0.8092
0.8103
0.81
0.8096
0.81
0.8101
0.81
0.8095
0.8094
0.8094
0.8097
0.8101
0.8102
0.8114
0.8119
0.8106
0.8094
0.8095
0.8099
0.809
0.8104
0.8103
0.8116
0.8112
0.811
0.8111
0.8111
0.8116
0.8117
0.8119
0.8118
0.8117
0.8121
0.8121
0.8129
0.813
0.8127
0.8127
0.8137
0.8132
0.812
0.8119
0.8114
0.8088
0.8071
0.8069
0.8068
0.8073
0.8061
0.8057
0.8061
0.8039
0.8039
0.8097
0.809
0.8083
0.8088
0.8078
0.8077
0.8081
0.8089
0.8091
0.8089
0.8093
0.8063
0.8065
0.8069
0.8062
0.8049
0.8042
0.8023
0.8029
0.8023
0.8027
0.8026
0.8026
0.8025
0.8027
0.8025
0.803
0.8031
0.8033
0.8033
0.8039
0.8037
0.8036
0.8032
0.8035
0.8051
0.8054
0.8051
0.8048
0.8051
0.8057
0.8065
0.8066
0.8067
0.8077
0.8065
0.8062
0.8065
0.8065
0.8066
0.8065
0.8058
0.8057
0.8062
0.806
0.8057
0.806
0.8065
0.8059
0.8073
0.8071
0.8063
0.806
0.8063
0.8071
0.8069
0.8064
0.8078
0.8081
0.8067
0.8075
0.8082
0.8079
0.8072
0.8069
0.8071
0.8072
0.8081
0.8079
0.8082
0.8086
0.8083
0.8077
0.8066
0.806
0.8074
0.8067
0.8071
0.8055
0.8047
0.8044
0.8046
0.8049
0.805
0.8044
0.8042
0.8045
0.8044
0.8045
0.8044
0.8044
0.8039
0.8042
0.8041
0.8042
0.8034
0.8032
0.8029
0.8042
0.8042
0.8043
0.8059
0.8058
0.8051
0.8051
0.8059
0.8061
0.8064
0.8059
0.8061
0.8049
0.8044
0.8045
0.8043
0.8045
0.8042
0.8045
0.8042
0.8036
0.8028
0.8034
0.8032
0.8023
0.803
0.8031
0.8031
0.8027
0.802
0.8021
0.8024
0.803
0.8027
0.8028
0.8026
0.8026
0.8029
0.8031
0.8034
0.8034
0.8034
0.8027
0.8025
0.8027
0.8021
0.8016
0.8004
0.7997
0.7986
0.7992
0.7996
0.7996
0.7995
0.7984
0.7992
0.7989
0.7991
0.7986
0.7985
0.7988
0.7988
0.7985
0.7989
0.799
0.7994
0.7994
0.7994
0.7994
0.7992
0.7997
0.8
0.7993
0.7997
0.7999
0.8002
0.8009
0.8007
0.801
0.8012
0.801
0.8007
0.8008
0.801
0.8007
0.8009
0.8009
0.8014
0.8013
0.8014
0.8026
0.8027
0.8024
0.801
0.8
0.7993
0.7999
0.7992
0.7986
0.8
0.8013
0.801
0.802
0.8017
0.8015
0.8018
0.802
0.8012
0.8015
0.802
0.8017
0.8016
0.8015
0.8049
0.8059
0.8056
0.8065
0.8047
0.8039
0.8053
0.8071
0.8062
0.8069
0.8083
0.8079
0.8089
0.8074
0.8069
0.8067
0.807
0.8075
0.8057
0.8057
0.8072
0.807
0.807
0.8069
0.8063
0.8061
0.8061
0.8058
0.8058
0.8056
0.8068
0.8065
0.8057
0.8055
0.8039
0.802
0.8025
0.802
0.8026
0.8028
0.8021
0.8018
0.8008
0.8011
0.8018
0.8018
0.8016
0.8018
0.8016
0.8019
0.8023
0.8023
0.8026
0.8031
0.8018
0.8027
0.8027
0.8025
0.8026
0.8017
0.8021
0.8039
0.8035
0.8034
0.8033
0.8035
0.8033
0.8034
0.8034
0.8034
0.8033
0.8027
0.8031
0.8031
0.8032
0.8029
0.803
0.8033
0.8036
0.8043
0.8032
0.8027
0.8033
0.8038
0.8042
0.8028
0.8033
0.8037
0.8029
0.8035
0.8036
0.8029
0.803
0.8032
0.8033
0.8033
0.8038
0.8035
0.8035
0.803
0.8029
0.8028
0.8037
0.8025
0.803
0.8021
0.7986
0.7978
0.7972
0.798
0.7974
0.7977
0.7979
0.7979
0.7979
0.7981
0.7981
0.7981
0.7979
0.7978
0.7973
0.7974
0.7972
0.7972
0.7974
0.7973
0.7973
0.7965
0.7964
0.7963
0.7964
0.7946
0.7933
0.7935
0.7931
0.7937
0.7929
0.7929
0.7931
0.793
0.793
0.7924
0.7928
0.7926
0.7931
0.7934
0.7932
0.7933
0.7932
0.7932
0.7935
0.7932
0.7929
0.794
0.7939
0.7943
0.7924
0.7919
0.7926
0.7931
0.7931
0.7931
0.7931
0.7931
0.7931
0.7929
0.7931
0.7931
0.7928
0.7928
0.7928
0.7924
0.7925
0.7925
0.7922
0.7927
0.7929
0.7926
0.7924
0.7915
0.7913
0.7903
0.7902
0.7902
0.7902
0.7899
0.7899
0.7894
0.7894
0.7894
0.7895
0.7896
0.7895
0.7898
0.7897
0.7895
0.7899
0.7892
0.7886
0.7889
0.7893
0.7887
0.7886
0.7878
0.7878
0.7884
0.788
0.7885
0.7892
0.7886
0.7892
0.7892
0.7893
0.7893
0.7895
0.7893
0.7888
0.7889
0.7891
0.7889
0.789
0.7896
0.7899
0.79
0.7899
0.7891
0.789
0.7888
0.7889
0.7897
0.7906
0.7907
0.7906
0.7902
0.7904
0.7906
0.7907
0.7907
0.7908
0.7905
0.7904
0.7902
0.7906
0.791
0.7905
0.7902
0.7901
0.7899
0.7899
0.7896
0.7886
0.7876
0.7868
0.7869
0.7866
0.7868
0.7861
0.7863
0.7859
0.7858
0.786
0.7859
0.7862
0.7859
0.7858
0.7859
0.7859
0.7859
0.7859
0.786
0.786
0.7863
0.7855
0.7846
0.7845
0.7843
0.7858
0.7837
0.7836
0.7845
0.7846
0.7851
0.7855
0.785
0.7847
0.7848
0.7848
0.7849
0.7846
0.7851
0.7849
0.7852
0.7848
0.7846
0.7852
0.7856
0.7872
0.786
0.7854
0.7855
0.7863
0.7852
0.7842
0.7836
0.7839
0.7848
0.7853
0.785
0.7851
0.7852
0.785
0.7848
0.7851
0.7852
0.7851
0.7847
0.7849
0.7846
0.7849
0.785
0.7861
0.7842
0.7837
0.7842
0.7835
0.7837
0.7849
0.7841
0.7836
0.7837
0.7839
0.7846
0.7844
0.7844
0.7845
0.7845
0.7845
0.7849
0.7847
0.7846
0.7848
0.7841
0.7845
0.7842
0.7839
0.7846
0.7841
0.7834
0.7813
0.78
0.7803
0.7797
0.7809
0.7806
0.7809
0.7809
0.7807
0.7808
0.7808
0.781
0.7803
0.7805
0.7813
0.7807
0.7804
0.7803
0.7809
0.7818
0.7807
0.7793
0.779
0.7782
0.7781
0.7772
0.7782
0.779
0.7788
0.7784
0.7784
0.7783
0.7777
0.7777
0.7765
0.7764
0.7769
0.7777
0.7781
0.7776
0.7777
0.7776
0.7774
0.7771
0.7772
0.7787
0.7797
0.7807
0.7799
0.7799
0.7797
0.781
0.7815
0.7818
0.781
0.7811
0.7815
0.7811
0.7813
0.7811
0.7813
0.781
0.7814
0.7811
0.7809
0.7808
0.7807
0.7804
0.7809
0.7808
0.7805
0.7797
0.7789
0.7783
0.7788
0.7782
0.777
0.7772
0.7777
0.7777
0.7776
0.7778
0.7778
0.778
0.7781
0.7783
0.7783
0.7782
0.7785
0.7783
0.7781
0.7782
0.7785
0.783
0.7828
0.7834
0.7831
0.7845
0.7837
0.7833
0.7836
0.7832
0.7833
0.7838
0.7842
0.7843
0.7839
0.784
0.7838
0.7836
0.7843
0.7843
0.7838
0.784
0.784
0.7847
0.7838
0.7828
0.782
0.7846
0.7833
0.7832
0.7832
0.7835
0.783
0.7831
0.7831
0.783
0.783
0.7827
0.7828
0.7825
0.7828
0.783
0.7833
0.7835
0.7834
0.7837
0.7837
0.7836
0.7828
0.7808
0.7806
0.7819
0.7828
0.7819
0.7844
0.7871
0.7864
0.7858
0.7835
0.7827
0.7822
0.7822
0.7822
0.7818
0.7822
0.7822
0.7818
0.7815
0.7817
0.7817
0.7815
0.7819
0.7816
0.782
0.7819
0.7818
0.7805
0.7803
0.7804
0.7812
0.7801
0.7804
0.7813
0.7804
0.7805
0.7802
0.7803
0.7802
0.7802
0.7802
0.7802
0.7804
0.7813
0.7813
0.7812
0.781
0.781
0.7812
0.7812
0.7831
0.7829
0.7835
0.7846
0.7858
0.7856
0.7849
0.7853
0.7848
0.7847
0.7847
0.7844
0.7846
0.7846
0.7845
0.7843
0.7844
0.7843
0.7846
0.7847
0.7857
0.7853
0.7856
0.7868
0.7869
0.7875
0.7875
0.7873
0.7886
0.7887
0.7885
0.788
0.7879
0.7864
0.7865
0.7868
0.7869
0.7869
0.7871
0.7874
0.7876
0.7877
0.7879
0.7877
0.7876
0.7878
0.7887
0.7901
0.789
0.7883
0.7897
0.7839
0.785
0.7825
0.7839
0.7842
0.7845
0.7851
0.785
0.7848
0.785
0.7849
0.7847
0.7844
0.7844
0.7845
0.7845
0.7847
0.7851
0.7852
0.7861
0.7858
0.7865
0.788
0.7873
0.7878
0.791
0.7909
0.7918
0.7913
0.7909
0.7911
0.7913
0.7913
0.7913
0.7925
0.7922
0.7937
0.7934
0.7935
0.7936
0.7934
0.7933
0.7929
0.7925
0.7923
0.7935
0.7941
0.7943
0.7952
0.796
0.7955
0.7948
0.7949
0.7944
0.7942
0.7938
0.7941
0.7945
0.7946
0.7947
0.7947
0.7951
0.7954
0.7952
0.7953
0.7948
0.7949
0.7951
0.7952
0.7947
0.7935
0.793
0.7932
0.7926
0.7938
0.7933
0.7933
0.7936
0.7937
0.7934
0.793
0.7923
0.7934
0.7932
0.7932
0.7934
0.7938
0.7937
0.7937
0.7934
0.7935
0.7937
0.7937
0.7944
0.7911
0.7894
0.789
0.7882
0.7889
0.7891
0.7895
0.7895
0.7886
0.7893
0.7894
0.7895
0.7896
0.7896
0.7895
0.7895
0.7896
0.7894
0.7895
0.7898
0.7897
0.7888
0.7882
0.7883
0.7868
0.7868
0.7872
0.7872
0.7871
0.7868
0.7862
0.7863
0.7863
0.7864
0.7864
0.7867
0.7868
0.7867
0.7865
0.7863
0.7867
0.7868
0.7867
0.7866
0.787
0.7871
0.7874
0.7864
0.7865
0.7862
0.7857
0.7861
0.7846
0.7833
0.7846
0.7843
0.7844
0.7843
0.7837
0.7831
0.7837
0.7839
0.7833
0.783
0.7839
0.7845
0.7841
0.7844
0.784
0.784
0.7839
0.7851
0.7856
0.7856
0.7868
0.7865
0.7872
0.7864
0.7865
0.7862
0.7861
0.7861
0.7864
0.7858
0.7863
0.7864
0.7862
0.7864
0.787
0.7868
0.7867
0.7871
0.7874
0.7875
0.7881
0.7877
0.7871
0.7871
0.7866
0.7863
0.7865
0.7855
0.7858
0.786
0.7858
0.7857
0.7856
0.7849
0.7857
0.7858
0.7862
0.7864
0.7867
0.7863
0.7862
0.7866
0.7864
0.7868
0.7863
0.7861
0.7847
0.7833
0.783
0.7829
0.783
0.7824
0.7833
0.7829
0.7831
0.7832
0.7832
0.7827
0.7834
0.7834
0.7836
0.7841
0.7839
0.784
0.7837
0.7835
0.7839
0.7838
0.784
0.7815
0.7818
0.7824
0.7823
0.7836
0.7839
0.7852
0.7851
0.7854
0.7856
0.7853
0.7852
0.7848
0.785
0.7851
0.7852
0.7853
0.7854
0.7853
0.785
0.7862
0.7861
0.7864
0.7857
0.7871
0.7871
0.7873
0.7865
0.7853
0.7844
0.7841
0.7845
0.7848
0.7848
0.7851
0.7858
0.7854
0.7854
0.7857
0.7862
0.786
0.7859
0.786
0.7861
0.7859
0.7856
0.7857
0.7866
0.7863
0.7861
0.7855
0.785
0.7843
0.7838
0.7846
0.7857
0.7857
0.7857
0.7857
0.7859
0.7858
0.7853
0.7858
0.786
0.7861
0.786
0.786
0.786
0.7856
0.7858
0.7857
0.7859
0.7874
0.787
0.7875
0.7886
0.7886
0.7898
0.7905
0.7903
0.7898
0.7903
0.7902
0.7899
0.7899
0.7893
0.7899
0.7902
0.7907
0.7906
0.79
0.7898
0.7896
0.7895
0.7895
0.7894
0.7889
0.7891
0.789
0.7885
0.7883
0.7884
0.7895
0.7888
0.7892
0.7891
0.7899
0.7895
0.7889
0.7885
0.7888
0.7895
0.7891
0.7886
0.7887
0.7886
0.789
0.7886
0.7888
0.79
0.7899
0.7891
0.7909
0.7901
0.7906
0.7901
0.7904
0.7918
0.7921
0.7922
0.7919
0.792
0.7919
0.7921
0.7922
0.792
0.792
0.7918
0.7917
0.7917
0.7918
0.7915
0.7914
0.7907
0.7916
0.7916
0.7905
0.79
0.7898
0.7896
0.7911
0.7919
0.7921
0.7916
0.7921
0.7917
0.7915
0.7912
0.791
0.7914
0.7912
0.7911
0.7908
0.7914
0.7914
0.7911
0.7907
0.7902
0.7912
0.7914
0.7917
0.792
0.7921
0.7922
0.7919
0.7921
0.7919
0.7919
0.7918
0.7913
0.7913
0.7908
0.7914
0.7916
0.7916
0.7919
0.7912
0.7912
0.7914
0.7907
0.791
0.7909
0.7923
0.7941
0.7945
0.7941
0.7942
0.7944
0.7938
0.7936
0.7937
0.7939
0.794
0.794
0.7941
0.7937
0.7941
0.7941
0.7942
0.794
0.7938
0.7938
0.7937
0.7938
0.7938
0.7935
0.7927
0.7939
0.7937
0.7936
0.7918
0.7922
0.7919
0.7916
0.7915
0.7911
0.7909
0.7909
0.7913
0.7908
0.7914
0.7914
0.7916
0.7917
0.7919
0.7917
0.7921
0.7921
0.7925
0.7922
0.7923
0.7932
0.7928
0.7915
0.7916
0.7912
0.7916
0.7902
0.7912
0.7918
0.7921
0.7921
0.7922
0.7917
0.7921
0.7922
0.7923
0.7925
0.7925
0.7923
0.7924
0.7921
0.7917
0.7923
0.7926
0.7932
0.7944
0.7942
0.7947
0.7941
0.7941
0.7936
0.7926
0.7923
0.7921
0.7918
0.7921
0.7919
0.7919
0.7919
0.7923
0.7924
0.7923
0.7923
0.7926
0.7924
0.7926
0.7921
0.7924
0.7925
0.7913
0.7911
0.7908
0.7918
0.7912
0.7915
0.7917
0.7926
0.7928
0.7923
0.7924
0.7924
0.7922
0.7922
0.7924
0.7925
0.7927
0.7932
0.7936
0.7935
0.7937
0.7936
0.7937
0.7932
0.7931
0.7933
0.7927
0.7927
0.7919
0.7927
0.7905
0.7908
0.7909
0.7915
0.7916
0.7913
0.7912
0.7915
0.7915
0.7898
0.7898
0.7899
0.7903
0.7903
0.7902
0.7901
0.7898
0.7897
0.7892
0.7898
0.7892
0.7904
0.792
0.7925
0.7919
0.7923
0.7922
0.7921
0.7921
0.7919
0.7925
0.7924
0.792
0.7923
0.7922
0.793
0.7927
0.7926
0.7925
0.7929
0.793
0.7935
0.7929
0.7924
0.7923
0.794
0.7922
0.7913
0.7927
0.7926
0.7925
0.7928
0.793
0.7927
0.7926
0.7927
0.7927
0.7931
0.793
0.793
0.7927
0.7927
0.7927
0.7928
0.7936
0.7931
0.7933
0.7952
0.7967
0.7971
0.798
0.7978
0.798
0.7988
0.7984
0.7988
0.7994
0.8002
0.8004
0.8004
0.7995
0.7992
0.7992
0.7987
0.799
0.7994
0.7994
0.7992
0.799
0.7991
0.7988
0.7991
0.7984
0.7991
0.7997
0.8007
0.8
0.7989
0.799
0.7985
0.7985
0.7981
0.798
0.7978
0.7979
0.798
0.7978
0.798
0.798
0.7979
0.7978
0.7975
0.7974
0.7991
0.799
0.7987
0.799
0.7979
0.7974
0.7987
0.7999
0.7996
0.8001
0.8003
0.8002
0.8002
0.8
0.7998
0.7997
0.7999
0.7995
0.7997
0.7998
0.8
0.7999
0.8006
0.8005
0.7999
0.7995
0.7993
0.8022
0.8017
0.8012
0.8018
0.8013
0.8004
0.8002
0.8
0.8006
0.8005
0.8005
0.8008
0.8006
0.8009
0.801
0.8015
0.8011
0.8016
0.8017
0.8018
0.8019
0.8014
0.8011
0.8016
0.8005
0.8013
0.8015
0.8012
0.8011
0.8008
0.8007
0.8013
0.8033
0.8038
0.804
0.8039
0.8039
0.8045
0.8043
0.8039
0.8043
0.8038
0.8042
0.804
0.8047
0.8053
0.8042
0.805
0.8054
0.8065
0.8073
0.8076
0.8101
0.8092
0.8088
0.8078
0.8081
0.8085
0.8084
0.8095
0.8095
0.8084
0.8083
0.8082
0.8087
0.809
0.8089
0.809
0.8094
0.8093
0.8085
0.808
0.8073
0.808
0.8079
0.8072
0.8073
0.8087
0.808
0.807
0.8067
0.8065
0.8068
0.807
0.8069
0.807
0.807
0.807
0.8065
0.8065
0.8064
0.8059
0.8065
0.8058
0.806
0.8057
0.8051
0.8041
0.8035
0.8035
0.8038
0.8046
0.8033
0.8031
0.8029
0.8023
0.8026
0.8027
0.8029
0.803
0.8029
0.8031
0.8031
0.8029
0.8031
0.8033
0.8041
0.8042
0.8031
0.8031
0.8023
0.8021
0.8023
0.8021
0.8031
0.8038
0.8045
0.8057
0.8055
0.8047
0.8048
0.8046
0.8042
0.8041
0.8042
0.8043
0.8043
0.8033
0.8026
0.8023
0.8023
0.8022
0.8011
0.8008
0.7995
0.799
0.8
0.8
0.7999
0.7992
0.7992
0.7994
0.7991
0.7996
0.7996
0.7995
0.7994
0.7996
0.7997
0.7997
0.7997
0.7993
0.7996
0.7987
0.799
0.799
0.7992
0.7987
0.8
0.8002
0.7988
0.7981
0.8004
0.7981
0.7992
0.7995
0.8001
0.7996
0.7994
0.7989
0.7996
0.7987
0.7988
0.7988
0.7992
0.798
0.7981
0.7983
0.7982
0.7982
0.7978
0.7972
0.7964
0.7965
0.7965
0.797
0.7969
0.7972
0.7974
0.7968
0.7969
0.7973
0.7971
0.7969
0.7971
0.7969
0.797
0.7974
0.7975
0.7974
0.7975
0.797
0.7971
0.795
0.7948
0.7936
0.795
0.7944
0.7957
0.7967
0.7974
0.797
0.7974
0.7974
0.7982
0.798
0.7973
0.7973
0.7969
0.7966
0.7966
0.7965
0.7966
0.7965
0.7967
0.7968
0.7961
0.7961
0.7958
0.796
0.795
0.795
0.7942
0.7949
0.7952
0.7946
0.7952
0.7964
0.7958
0.7961
0.796
0.796
0.7961
0.7961
0.7961
0.7961
0.7954
0.7958
0.7954
0.7957
0.7956
0.7962
0.7956
0.7952
0.795
0.7929
0.794
0.7934
0.7934
0.7935
0.7938
0.7937
0.7948
0.7956
0.7954
0.7951
0.7951
0.7953
0.7953
0.7953
0.7955
0.7955
0.7957
0.7954
0.7953
0.7947
0.7954
0.7964
0.7985
0.7982
0.7982
0.7978
0.7975
0.7983
0.7967
0.7974
0.797
0.7963
0.7963
0.7957
0.7955
0.7955
0.7952
0.7951
0.7943
0.7948
0.7947
0.795
0.7949
0.7949
0.7951
0.7961
0.797
0.7984
0.7985
0.7988
0.7982
0.7997
0.7997
0.7988
0.7991
0.7991
0.799
0.7988
0.7988
0.7988
0.7987
0.7989
0.7989
0.7992
0.7994
0.7994
0.799
0.7986
0.7989
0.7987
0.7987
0.7992
0.7988
0.7999
0.8004
0.8003
0.8009
0.8014
0.7999
0.8005
0.8004
0.8001
0.8004
0.8007
0.8005
0.8006
0.8004
0.8004
0.8
0.8001
0.7998
0.7999
0.7996
0.8003
0.8018
0.8014
0.8018
0.801
0.8008
0.8014
0.8015
0.8026
0.8028
0.8025
0.8027
0.8024
0.8025
0.8027
0.8028
0.8025
0.8025
0.8025
0.8027
0.8029
0.8025
0.8027
0.8028
0.8036
0.8037
0.8026
0.8034
0.8034
0.804
0.8042
0.8047
0.804
0.8044
0.8043
0.804
0.8043
0.8038
0.8038
0.8038
0.804
0.804
0.804
0.8038
0.8038
0.8035
0.8036
0.8035
0.8031
0.8036
0.8034
0.8035
0.8036
0.8037
0.8041
0.806
0.8063
0.8064
0.8066
0.8064
0.8074
0.8074
0.8077
0.8069
0.8068
0.8065
0.8069
0.8076
0.8065
0.8061
0.8062
0.8064
0.8067
0.8065
0.8063
0.8071
0.8069
0.8082
0.8093
0.809
0.8088
0.8093
0.8091
0.809
0.8086
0.8091
0.8091
0.8092
0.8091
0.8092
0.8098
0.8091
0.8091
0.8094
0.8091
0.8093
0.809
0.8069
0.8077
0.8079
0.807
0.8076
0.8074
0.8068
0.8058
0.8054
0.8046
0.8046
0.8047
0.8047
0.8047
0.8048
0.8046
0.8038
0.8043
0.804
0.8035
0.804
0.804
0.8041
0.8042
0.8037
0.8037
0.8034
0.8038
0.8043
0.8048
0.8045
0.805
0.805
0.8053
0.8061
0.8056
0.8056
0.8042
0.803
0.803
0.8034
0.8026
0.8025
0.803
0.8029
0.8032
0.8028
0.8032
0.8031
0.8039
0.8041
0.8053
0.8053
0.8059
0.8066
0.8068
0.8065
0.8064
0.8062
0.8058
0.8055
0.8054
0.8056
0.8057
0.8058
0.8061
0.8062
0.8064
0.8065
0.8065
0.8065
0.8069
0.8077
0.8076
0.8084
0.8071
0.8073
0.807
0.8069
0.8058
0.8053
0.8054
0.8055
0.8061
0.806
0.806
0.8055
0.8056
0.8054
0.8045
0.8044
0.8045
0.8043
0.8045
0.8049
0.8059
0.8066
0.8066
0.8067
0.8073
0.8073
0.8066
0.8064
0.8059
0.8058
0.8051
0.8055
0.8051
0.806
0.8055
0.8054
0.8058
0.8063
0.8064
0.8062
0.8066
0.8064
0.8065
0.8068
0.8076
0.8073
0.808
0.808
0.8088
0.8097
0.8095
0.8095
0.8088
0.8093
0.8094
0.8094
0.8093
0.8098
0.8095
0.8119
0.8126
0.8125
0.812
0.8119
0.8118
0.8117
0.8119
0.8118
0.8121
0.8124
0.811
0.8115
0.8113
0.8112
0.8124
0.8119
0.8115
0.8122
0.8121
0.8124
0.8125
0.8125
0.8124
0.8126
0.8123
0.8125
0.8124
0.8123
0.8125
0.8116
0.8117
0.8124
0.8119
0.8119
0.8113
0.8114
0.8116
0.8122
0.8117
0.8121
0.8114
0.8121
0.8118
0.8114
0.813
0.8144
0.8142
0.8143
0.8141
0.8138
0.8137
0.8137
0.8135
0.8136
0.8136
0.814
0.8138
0.8138
0.8132
0.8122
0.8125
0.8128
0.8138
0.8126
0.8131
0.8136
0.8136
0.8132
0.8132
0.8134
0.8134
0.8134
0.8135
0.814
0.8139
0.8142
0.8143
0.8143
0.814
0.8139
0.8143
0.8141
0.8131
0.8129
0.8138
0.8146
0.8146
0.8142
0.814
0.815
0.815
0.8156
0.8149
0.8149
0.8155
0.8154
0.8157
0.8156
0.8158
0.8156
0.8153
0.8152
0.8151
0.8153
0.8149
0.814
0.8141
0.8136
0.8141
0.8135
0.8135
0.8126
0.8128
0.8131
0.8141
0.8139
0.8138
0.8138
0.8139
0.8138
0.8138
0.814
0.8136
0.8139
0.8141
0.8143
0.8146
0.8144
0.8137
0.8125
0.8104
0.8095
0.8095
0.808
0.8082
0.8085
0.8086
0.809
0.8083
0.8084
0.8081
0.8087
0.8084
0.8088
0.8086
0.8084
0.8087
0.809
0.8089
0.809
0.8086
0.809
0.8094
0.8088
0.8096
0.8068
0.8062
0.8052
0.805
0.8044
0.8038
0.8028
0.8038
0.8037
0.8033
0.803
0.8025
0.8021
0.8028
0.8025
0.8025
0.8028
0.8029
0.8028
0.8024
0.8026
0.8025
0.8025
0.8025
0.8027
0.8021
0.8007
0.8003
0.8012
0.8017
0.8033
0.8036
0.8037
0.803
0.8032
0.8036
0.8035
0.8037
0.8035
0.8032
0.8033
0.8037
0.804
0.804
0.8039
0.8035
0.8033
0.8031
0.803
0.8034
0.8036
0.8032
0.8041
0.8042
0.8042
0.8051
0.8048
0.8047
0.8045
0.8046
0.8048
0.8048
0.8047
0.805
0.8055
0.8052
0.8052
0.805
0.8047
0.8041
0.8052
0.8059
0.8053
0.806
0.8058
0.8058
0.8065
0.8065
0.8062
0.8068
0.8064
0.8064
0.806
0.8059
0.806
0.8059
0.806
0.8063
0.8063
0.8059
0.806
0.8056
0.8056
0.8054
0.8054
0.8063
0.8065
0.8065
0.8067
0.8066
0.8066
0.806
0.8054
0.8041
0.8041
0.8035
0.8034
0.8029
0.8031
0.8032
0.8032
0.8037
0.8036
0.8037
0.8039
0.8037
0.8034
0.8036
0.8026
0.801
0.8005
0.8005
0.8012
0.8022
0.8031
0.8034
0.8025
0.8019
0.8019
0.8019
0.8023
0.8025
0.8024
0.8025
0.8024
0.802
0.8024
0.8022
0.8021
0.8024
0.8027
0.8018
0.8014
0.8013
0.8001
0.8003
0.8003
0.8011
0.8017
0.8007
0.8007
0.8011
0.8011
0.8004
0.801
0.8009
0.801
0.8001
0.8004
0.801
0.8006
0.8
0.7999
0.8001
0.8003
0.8007
0.7986
0.7998
0.8007
0.8008
0.8004
0.7998
0.8002
0.8006
0.8001
0.8006
0.8004
0.8007
0.8007
0.8005
0.8006
0.8007
0.8006
0.8006
0.8002
0.8002
0.8002
0.7997
0.7998
0.7998
0.7996
0.7994
0.8008
0.8004
0.8011
0.8004
0.8012
0.8012
0.801
0.8016
0.8014
0.801
0.8012
0.8007
0.8007
0.8009
0.8008
0.8005
0.8006
0.8009
0.8013
0.8022
0.8022
0.8022
0.8026
0.8019
0.8018
0.8023
0.8005
0.7985
0.7986
0.7979
0.7971
0.7989
0.7986
0.7984
0.7984
0.7985
0.7984
0.7988
0.7983
0.7983
0.7985
0.7982
0.7978
0.7979
0.7981
0.7983
0.7986
0.7992
0.798
0.7987
0.797
0.7965
0.7971
0.7973
0.7968
0.7973
0.7971
0.7976
0.7976
0.7977
0.7968
0.7975
0.7974
0.7974
0.7973
0.7981
0.7979
0.7978
0.7981
0.7978
0.798
0.7976
0.7974
0.7969
0.798
0.7974
0.7982
0.7984
0.7988
0.7991
0.7993
0.7997
0.7992
0.7995
0.7993
0.7994
0.8004
0.8001
0.8
0.7998
0.8001
0.7999
0.7999
0.7997
0.7996
0.7999
0.7992
0.8002
0.8003
0.8014
0.801
0.8011
0.8008
0.8009
0.8006
0.8006
0.8004
0.8002
0.8003
0.8004
0.8004
0.7999
0.7992
0.7994
0.7993
0.7992
0.7991
0.7994
0.7987
0.7991
0.7975
0.7977
0.7999
0.7994
0.7988
0.7992
0.7999
0.8005
0.8002
0.8002
0.8002
0.8002
0.8001
0.8003
0.8005
0.8005
0.801
0.8006
0.8007
0.8007
0.8002
0.8003
0.8011
0.8011
0.8016
0.8029
0.8025
0.803
0.803
0.803
0.8042
0.8035
0.804
0.804
0.8038
0.8037
0.8037
0.8037
0.8035
0.8032
0.8033
0.8035
0.8039
0.8037
0.8039
0.8035
0.8042
0.8049
0.8047
0.8053
0.8053
0.8056
0.8059
0.8061
0.8054
0.8057
0.8054
0.8056
0.8054
0.8057
0.8054
0.8058
0.8056
0.8052
0.8052
0.805
0.8051
0.8052
0.8052
0.8034
0.8031
0.8021
0.8027
0.8035
0.8026
0.8026
0.8025
0.8009
0.8015
0.8015
0.8019
0.801
0.8012
0.8016
0.8021
0.8015
0.8024
0.8022
0.8016
0.8021
0.8018
0.8014
0.8016
0.8019
0.8025
0.8035
0.8034
0.8023
0.803
0.8029
0.803
0.8035
0.805
0.8049
0.8046
0.805
0.8053
0.8053
0.8054
0.8035
0.8032
0.8039
0.8038
0.8035
0.8043
0.8038
0.8039
0.8036
0.8035
0.804
0.8041
0.8043
0.8044
0.8044
0.8044
0.8043
0.8043
0.8045
0.8041
0.8042
0.8045
0.8048
0.8047
0.8045
0.8045
0.8045
0.8042
0.8038
0.8014
0.8018
0.8017
0.8026
0.8025
0.8027
0.8031
0.8038
0.8037
0.8035
0.8041
0.8048
0.8045
0.8042
0.8045
0.8042
0.8039
0.8038
0.8041
0.8039
0.8052
0.8051
0.8049
0.8045
0.8045
0.8046
0.8048
0.8053
0.8045
0.8054
0.8053
0.8063
0.807
0.8078
0.8081
0.8076
0.8079
0.8078
0.8074
0.8075
0.8078
0.8078
0.8076
0.8077
0.8075
0.8076
0.8078
0.8077
0.8078
0.8078
0.8079
0.8081
0.8083
0.8089
0.8094
0.8093
0.8096
0.8101
0.8106
0.81
0.8092
0.8083
0.809
0.8089
0.8089
0.809
0.8091
0.8094
0.8088
0.8085
0.8083
0.8082
0.8085
0.8089
0.8086
0.8086
0.8093
0.8091
0.8098
0.8094
0.8092
0.8093
0.8098
0.8097
0.8087
0.8096
0.8092
0.8093
0.8092
0.8092
0.8092
0.8103
0.8099
0.8101
0.8094
0.8095
0.8095
0.8098
0.8096
0.8096
0.8096
0.8095
0.8082
0.8077
0.8079
0.8083
0.8069
0.8063
0.8068
0.8073
0.8072
0.8069
0.8074
0.8075
0.8076
0.8075
0.8074
0.8076
0.8073
0.8073
0.8076
0.8077
0.8077
0.8073
0.8073
0.8077
0.8073
0.807
0.8066
0.8074
0.8072
0.8071
0.8076
0.8077
0.8079
0.8076
0.8073
0.8078
0.8085
0.8084
0.8086
0.8082
0.8088
0.8087
0.8086
0.8085
0.8085
0.8085
0.8088
0.81
0.8101
0.8108
0.8107
0.8104
0.8096
0.8105
0.8091
0.8082
0.8086
0.8089
0.8087
0.8088
0.8085
0.8087
0.8087
0.8089
0.8097
0.8098
0.8098
0.8098
0.8103
0.8099
0.8107
0.8109
0.811
0.8107
0.8101
0.8107
0.8112
0.8123
0.8115
0.8115
0.811
0.8113
0.8111
0.8116
0.8109
0.8109
0.8109
0.811
0.8113
0.8125
0.8127
0.8129
0.8127
0.8128
0.8122
0.8125
0.8118
0.8125
0.8115
0.8116
0.8121
0.8114
0.8113
0.8119
0.8113
0.8107
0.8111
0.8113
0.8112
0.811
0.8112
0.8113
0.811
0.8107
0.8109
0.8111
0.811
0.811
0.8115
0.8114
0.8111
0.8105
0.811
0.8113
0.8118
0.8121
0.8123
0.8121
0.8126
0.8132
0.8133
0.8133
0.8131
0.8131
0.8133
0.8135
0.8139
0.8137
0.8136
0.8137
0.8137
0.8137
0.8137
0.8143
0.8141
0.8131
0.8125
0.8116
0.8116
0.8121
0.8121
0.8119
0.8121
0.8124
0.8124
0.8124
0.8124
0.8122
0.8121
0.8124
0.8112
0.811
0.8114
0.8113
0.8115
0.8114
0.8115
0.8108
0.8112
0.8114
0.8114
0.8108
0.8115
0.8094
0.8072
0.807
0.807
0.8074
0.8074
0.8076
0.808
0.8077
0.8077
0.8077
0.8078
0.8077
0.8076
0.8077
0.8077
0.807
0.807
0.8065
0.8055
0.8066
0.8062
0.8069
0.806
0.8054
0.8058
0.807
0.8072
0.8067
0.8062
0.8057
0.806
0.8057
0.8057
0.8046
0.8048
0.8053
0.8054
0.8051
0.8047
0.8048
0.8052
0.8052
0.8047
0.8047
0.8044
0.8045
0.804
0.8044
0.8037
0.8038
0.8039
0.8045
0.8048
0.8047
0.805
0.8051
0.8049
0.8049
0.8048
0.805
0.8047
0.8047
0.8044
0.8051
0.8054
0.8054
0.805
0.8049
0.8064
0.8059
0.8076
0.8067
0.8072
0.8069
0.8071
0.8066
0.8067
0.807
0.8069
0.8071
0.8069
0.8071
0.8071
0.807
0.8071
0.8071
0.8071
0.8066
0.8067
0.807
0.8075
0.8069
0.8066
0.8071
0.8069
0.8078
0.8076
0.8082
0.8089
0.8081
0.8097
0.8093
0.8095
0.8096
0.8094
0.8097
0.8096
0.8098
0.8098
0.8097
0.8105
0.8105
0.8102
0.8112
0.8108
0.8106
0.8101
0.8095
0.8096
0.8098
0.8096
0.8108
0.8109
0.8105
0.8117
0.8118
0.8115
0.8116
0.8115
0.8114
0.8114
0.8114
0.8118
0.8119
0.8121
0.8119
0.8117
0.8123
0.8124
0.8117
0.8109
0.8117
0.8118
0.8117
0.8117
0.8117
0.8129
0.8143
0.8142
0.8136
0.8138
0.8141
0.8138
0.8148
0.8141
0.8144
0.8137
0.8138
0.8138
0.8139
0.8133
0.8127
0.8125
0.8127
0.8125
0.8114
0.8115
0.8122
0.8123
0.8129
0.8123
0.8127
0.812
0.8125
0.8121
0.8123
0.8122
0.8123
0.8121
0.8125
0.8124
0.8126
0.8123
0.8123
0.8123
0.8123
0.8123
0.8119
0.812
0.8132
0.8134
0.8131
0.8128
0.8121
0.8131
0.8133
0.814
0.814
0.8136
0.8136
0.8137
0.8137
0.8139
0.8138
0.8139
0.8146
0.8144
0.8146
0.8146
0.8141
0.8136
0.8133
0.8145
0.8145
0.8142
0.8154
0.8162
0.8158
0.8147
0.8143
0.8139
0.8143
0.8147
0.8148
0.8144
0.8127
0.8131
0.8131
0.8134
0.8134
0.8133
0.813
0.813
0.8132
0.8131
0.8128
0.8138
0.8142
0.8149
0.8148
0.8159
0.8154
0.8137
0.8129
0.8132
0.8133
0.813
0.8134
0.8134
0.8136
0.8132
0.8125
0.8121
0.812
0.8119
0.812
0.8126
0.8121
0.812
0.8134
0.8127
0.8133
0.8129
0.8131
0.8137
0.8127
0.814
0.8141
0.8146
0.8151
0.8151
0.8152
0.8151
0.8153
0.8157
0.8157
0.8154
0.8151
0.8153
0.8152
0.8149
0.8153
0.8156
0.8163
0.8161
0.8164
0.8171
0.8173
0.8172
0.8178
0.8181
0.8178
0.8177
0.8176
0.8178
0.8179
0.8184
0.8187
0.8187
0.8181
0.8177
0.8192
0.8202
0.8203
0.8206
0.8203
0.8198
0.8195
0.8194
0.8194
0.82
0.82
0.82
0.82
0.8201
0.8199
0.8197
0.8202
0.8206
0.8207
0.8204
0.8193
0.8197
0.8214
0.8215
0.8209
0.82
0.8206
0.822
0.8219
0.8222
0.8219
0.822
0.8216
0.8219
0.8219
0.8219
0.8218
0.8219
0.8216
0.8213
0.8216
0.8216
0.8214
0.8196
0.8186
0.8175
0.8171
0.8187
0.8197
0.8189
0.8177
0.8176
0.8179
0.8182
0.8177
0.8173
0.8173
0.8171
0.8183
0.8183
0.8185
0.8177
0.8176
0.8167
0.817
0.8165
0.8156
0.8159
0.8157
0.8152
0.8152
0.8157
0.8162
0.8135
0.8119
0.8108
0.8107
0.8133
0.8135
0.8132
0.8118
0.8116
0.8123
0.8146
0.8137
0.8118
0.8133
0.8117
0.8108
0.8109
0.8108
0.8111
0.8114
0.8112
0.8111
0.8113
0.8108
0.8108
0.8098
0.8096
0.8098
0.81
0.8098
0.8099
0.8109
0.8088
0.8101
0.8108
0.8109
0.8106
0.8111
0.8113
0.8118
0.8115
0.8105
0.8108
0.8103
0.8106
0.8105
0.8103
0.8104
0.8106
0.8106
0.8106
0.8109
0.8114
0.8106
0.8111
0.811
0.8117
0.8122
0.8116
0.8123
0.8134
0.8131
0.8132
0.8131
0.8132
0.8137
0.8137
0.8133
0.8131
0.8133
0.8132
0.8133
0.8131
0.8129
0.8134
0.8129
0.8134
0.813
0.8125
0.8118
0.812
0.8119
0.8115
0.8109
0.8126
0.8126
0.8142
0.8144
0.8144
0.8144
0.8141
0.8136
0.8137
0.8137
0.8139
0.814
0.8139
0.8146
0.8145
0.8143
0.8146
0.8148
0.8149
0.8156
0.8153
0.8157
0.815
0.8149
0.8145
0.815
0.8146
0.8146
0.8145
0.8145
0.8147
0.8146
0.8146
0.8144
0.8145
0.8145
0.8148
0.8146
0.8146
0.8149
0.815
0.815
0.8144
0.8147
0.8134
0.8137
0.814
0.8153
0.8155
0.815
0.8147
0.8156
0.8154
0.8148
0.8149
0.8148
0.8151
0.8149
0.8151
0.8149
0.8145
0.8146
0.8147
0.8146
0.8146
0.8151
0.8155
0.8154
0.8167
0.8156
0.816
0.8171
0.8195
0.8196
0.8205
0.8197
0.8202
0.8204
0.8203
0.8206
0.8206
0.8206
0.821
0.8208
0.8204
0.8208
0.8208
0.8211
0.8211
0.8214
0.8212
0.8216
0.8238
0.823
0.8227
0.8237
0.8271
0.8273
0.8274
0.8277
0.8272
0.8272
0.8273
0.8272
0.827
0.8285
0.8284
0.8285
0.8285
0.8293
0.8294
0.8294
0.8294
0.829
0.8287
0.8281
0.829
0.8297
0.8314
0.8311
0.8322
0.8318
0.8318
0.8316
0.8314
0.8313
0.8317
0.8319
0.8322
0.8319
0.8321
0.832
0.832
0.8313
0.8305
0.8307
0.8305
0.8306
0.8304
0.8309
0.8316
0.8312
0.8313
0.8302
0.8307
0.831
0.8296
0.8296
0.8296
0.8272
0.8279
0.8284
0.8282
0.8279
0.8278
0.8279
0.8269
0.8269
0.8268
0.8275
0.8275
0.8278
0.8285
0.829
0.8285
0.8296
0.8302
0.8296
0.8301
0.8307
0.8312
0.8309
0.8306
0.8309
0.8302
0.83
0.8299
0.8305
0.8305
0.8312
0.8314
0.8311
0.8306
0.8302
0.83
0.8311
0.8314
0.8328
0.8335
0.8342
0.8337
0.8339
0.834
0.8357
0.8362
0.8353
0.8355
0.836
0.8358
0.8358
0.836
0.8358
0.8368
0.8373
0.8366
0.8368
0.8373
0.8374
0.8376
0.8373
0.8374
0.8377
0.8381
0.8381
0.8374
0.8358
0.8361
0.8372
0.8375
0.8379
0.8392
0.8391
0.8395
0.8389
0.8392
0.8392
0.8395
0.8398
0.8392
0.8397
0.8393
0.8395
0.8394
0.8389
0.8391
0.8392
0.8383
0.838
0.838
0.8382
0.8387
0.8387
0.8388
0.8405
0.8413
0.8413
0.8412
0.8411
0.8409
0.8406
0.8409
0.8403
0.8404
0.8403
0.8403
0.8411
0.8415
0.8413
0.8426
0.8427
0.8418
0.8417
0.8426
0.8411
0.8397
0.8393
0.8394
0.8372
0.8386
0.8392
0.839
0.8404
0.841
0.8409
0.8408
0.8406
0.8406
0.841
0.8413
0.8409
0.8407
0.8406
0.8402
0.8406
0.8387
0.8401
0.8406
0.8414
0.8413
0.8395
0.8398
0.8381
0.8397
0.84
0.8404
0.8407
0.8403
0.8402
0.8406
0.8404
0.8407
0.8409
0.8406
0.8409
0.8407
0.8407
0.8422
0.8398
0.841
0.8412
0.841
0.8419
0.8427
0.8472
0.8462
0.8474
0.847
0.8471
0.8466
0.8467
0.8468
0.8471
0.8472
0.8469
0.8467
0.8466
0.8466
0.8466
0.8471
0.8477
0.8485
0.849
0.8495
0.8522
0.8519
0.8518
0.8508
0.8511
0.8515
0.8519
0.8516
0.8516
0.8516
0.8521
0.8514
0.8514
0.8529
0.8535
0.8531
0.8532
0.8536
0.8537
0.8537
0.8538
0.8531
0.8545
0.8536
0.8544
0.8552
0.8552
0.8546
0.8556
0.8567
0.8569
0.8579
0.8575
0.8572
0.8571
0.8573
0.8572
0.8567
0.8566
0.8568
0.8566
0.8565
0.8568
0.8568
0.8562
0.856
0.8551
0.8561
0.8555
0.8538
0.8533
0.8541
0.8552
0.8557
0.8556
0.8561
0.8556
0.8558
0.8558
0.8562
0.8557
0.8557
0.8565
0.8562
0.8561
0.8561
0.8561
0.8562
0.8563
0.8563
0.8569
0.8584
0.8588
0.8594
0.8585
0.8579
0.8576
0.8593
0.8592
0.8588
0.859
0.8589
0.8589
0.8582
0.8583
0.8588
0.8587
0.8587
0.8585
0.8585
0.8585
0.8584
0.858
0.8569
0.8566
0.8564
0.8572
0.8578
0.858
0.8568
0.8575
0.8577
0.8564
0.8561
0.8558
0.8555
0.8559
0.8563
0.8566
0.8566
0.8573
0.8578
0.8577
0.8579
0.8582
0.8583
0.8583
0.8587
0.8591
0.8604
0.8641
0.8629
0.8618
0.8616
0.8612
0.8646
0.8702
0.8693
0.8693
0.8692
0.8696
0.869
0.8687
0.8687
0.869
0.869
0.869
0.8675
0.8677
0.8682
0.8675
0.8679
0.8676
0.8673
0.8649
0.8635
0.8628
0.8623
0.8629
0.8619
0.8619
0.8614
0.8595
0.8599
0.8569
0.8575
0.8573
0.8571
0.8571
0.8573
0.8567
0.8568
0.8568
0.8566
0.856
0.8556
0.8557
0.8565
0.8588
0.8571
0.859
0.8609
0.8607
0.8602
0.8613
0.8633
0.8668
0.8682
0.8674
0.8671
0.8673
0.8672
0.867
0.867
0.8677
0.8677
0.8673
0.8674
0.8668
0.8664
0.8671
0.8647
0.8657
0.8644
0.8639
0.8641
0.8632
0.8619
0.8638
0.8648
0.864
0.8633
0.8629
0.8633
0.8632
0.8633
0.863
0.863
0.8631
0.8634
0.8635
0.8623
0.8628
0.8635
0.8633
0.8654
0.8656
0.8631
0.8637
0.8634
0.8591
0.8559
0.8525
0.8531
0.8534
0.8526
0.8527
0.853
0.8525
0.8521
0.8524
0.8523
0.8522
0.853
0.8529
0.8525
0.8524
0.8522
0.8513
0.8523
0.8526
0.8512
0.8505
0.8482
0.8464
0.849
0.8457
0.8458
0.845
0.8455
0.8454
0.8462
0.8459
0.8455
0.8468
0.8459
0.8462
0.8459
0.846
0.8462
0.8463
0.8465
0.8474
0.8476
0.8502
0.8525
0.8524
0.8531
0.8538
0.8531
0.8522
0.8552
0.856
0.8556
0.8557
0.8544
0.8553
0.8558
0.8559
0.856
0.856
0.8558
0.856
0.8557
0.8551
0.8546
0.8549
0.8544
0.858
0.8586
0.8619
0.861
0.8616
0.861
0.8599
0.8598
0.8591
0.8594
0.8595
0.8589
0.8592
0.8587
0.8579
0.8579
0.8581
0.8583
0.8581
0.8576
0.8574
0.8572
0.8578
0.8601
0.8614
0.8612
0.8676
0.8666
0.8664
0.8659
0.8651
0.8644
0.8651
0.8649
0.8653
0.8651
0.8654
0.8653
0.8652
0.8653
0.8662
0.8657
0.8654
0.8658
0.8654
0.8656
0.864
0.8632
0.863
0.8604
0.8595
0.8593
0.8593
0.8599
0.8602
0.859
0.8605
0.8613
0.8617
0.8618
0.862
0.8623
0.8623
0.8622
0.8612
0.8611
0.8612
0.861
0.8604
0.861
0.8609
0.8586
0.8582
0.861
0.8598
0.86
0.8607
0.862
0.8603
0.8601
0.8602
0.8604
0.8605
0.8606
0.8609
0.861
0.8615
0.8619
0.8613
0.8611
0.861
0.861
0.8609
0.8611
0.8613
0.8619
0.8624
0.8628
0.8631
0.8628
0.8624
0.8632
0.8613
0.8624
0.8633
0.863
0.8636
0.8634
0.8631
0.8631
0.863
0.8624
0.8625
0.8628
0.8629
0.863
0.863
0.8627
0.8626
0.8618
0.8612
0.863
0.8606
0.8617
0.8626
0.8626
0.8635
0.8645
0.8675
0.8682
0.8678
0.8679
0.8679
0.8673
0.8678
0.8683
0.8694
0.8695
0.8686
0.8684
0.8685
0.8689
0.8694
0.8692
0.869
0.875
0.875
0.8742
0.8734
0.874
0.8741
0.874
0.8728
0.8732
0.8721
0.8714
0.8709
0.8718
0.8718
0.8716
0.8721
0.8717
0.8716
0.8719
0.8721
0.8738
0.8733
0.8726
0.8685
0.867
0.8659
0.8638
0.8645
0.8647
0.8669
0.8666
0.8651
0.8651
0.8643
0.8642
0.8644
0.8644
0.8647
0.8643
0.8647
0.865
0.8655
0.8655
0.8639
0.864
0.8641
0.8649
0.8668
0.8645
0.866
0.863
0.861
0.8622
0.8612
0.862
0.863
0.8645
0.8643
0.8647
0.8642
0.8692
0.8732
0.8739
0.8713
0.871
0.8719
0.8715
0.8719
0.8724
0.8727
0.8732
0.8736
0.8742
0.8757
0.8769
0.8782
0.8812
0.8788
0.8747
0.8717
0.8707
0.8645
0.8637
0.8609
0.8612
0.8611
0.8617
0.8626
0.8623
0.8616
0.8585
0.8589
0.859
0.8598
0.8607
0.8618
0.8632
0.8609
0.8635
0.8636
0.8626
0.8632
0.863
0.8628
0.8617
0.8615
0.8628
0.8633
0.8629
0.8635
0.8637
0.8628
0.8635
0.8635
0.8644
0.8645
0.8659
0.8661
0.8666
0.8653
0.8664
0.865
0.8661
0.865
0.8632
0.8632
0.8657
0.8659
0.8656
0.8659
0.8663
0.8665
0.8659
0.8663
0.8672
0.8667
0.867
0.8664
0.8667
0.8667
0.8669
0.8667
0.8662
0.865
0.8649
0.8633
0.8628
0.8638
0.8645
0.8628
0.8618
0.8614
0.8615
0.8617
0.8609
0.8609
0.8608
0.8612
0.8611
0.8617
0.8613
0.8617
0.8616
0.8617
0.8613
0.861
0.8621
0.8618
0.8662
0.8663
0.8662
0.8644
0.8654
0.8647
0.8651
0.8642
0.8667
0.8667
0.8666
0.8665
0.8655
0.8657
0.8656
0.8654
0.8658
0.8656
0.8659
0.8656
0.8655
0.8647
0.8653
0.8643
0.8649
0.8642
0.864
0.8645
0.8634
0.8635
0.863
0.8615
0.8619
0.8618
0.8616
0.8616
0.8618
0.8616
0.8615
0.8614
0.8612
0.8613
0.8613
0.8617
0.8623
0.8617
0.8628
0.8624
0.8604
0.8598
0.86
0.8599
0.8602
0.8609
0.8613
0.8621
0.8623
0.8627
0.8629
0.8624
0.8626
0.8624
0.862
0.8625
0.8625
0.8626
0.8627
0.8627
0.8627
0.8631
0.8632
0.8642
0.8644
0.8636
0.8641
0.8636
0.8641
0.8635
0.8634
0.8637
0.8645
0.8639
0.8638
0.8641
0.863
0.8658
0.8652
0.8658
0.8658
0.866
0.8657
0.866
0.8659
0.8663
0.8678
0.8683
0.8695
0.8678
0.8646
0.8644
0.8678
0.87
0.8697
0.8714
0.8721
0.8727
0.8727
0.8727
0.8732
0.8725
0.8723
0.8723
0.8722
0.8726
0.8727
0.8734
0.8738
0.873
0.8725
0.8716
0.8714
0.8726
0.8713
0.8711
0.8701
0.869
0.8688
0.8703
0.8689
0.87
0.8706
0.8709
0.8713
0.8707
0.871
0.871
0.8709
0.8709
0.8713
0.8715
0.8711
0.8709
0.8714
0.8708
0.8706
0.8716
0.8733
0.8739
0.8732
0.8729
0.8727
0.8726
0.8733
0.8732
0.8733
0.8736
0.8745
0.8743
0.874
0.8742
0.8741
0.8743
0.8742
0.8745
0.8744
0.8746
0.8741
0.8732
0.8723
0.8759
0.8752
0.8741
0.8757
0.8791
0.8776
0.875
0.8736
0.8741
0.8737
0.8742
0.8745
0.8744
0.8743
0.8741
0.8739
0.8736
0.8727
0.8727
0.8727
0.8729
0.8729
0.8733
0.8716
0.8703
0.8698
0.8685
0.8677
0.867
0.8669
0.8675
0.8683
0.8684
0.8681
0.8681
0.8682
0.8685
0.8682
0.8683
0.8682
0.867
0.8671
0.8671
0.8669
0.8672
0.8667
0.8669
0.8675
0.8669
0.8649
0.8646
0.8661
0.8637
0.8634
0.8623
0.8628
0.862
0.862
0.862
0.8622
0.8619
0.8626
0.8622
0.8623
0.8615
0.8623
0.8626
0.8629
0.8631
0.8622
0.8609
0.8602
0.8616
0.8618
0.8616
0.8639
0.8626
0.8628
0.8633
0.8633
0.8641
0.8651
0.865
0.8649
0.8531
0.854
0.8532
0.8557
0.8548
0.8542
0.8541
0.8542
0.8542
0.8537
0.8565
0.8568
0.8564
0.856
0.8572
0.8564
0.8561
0.8564
0.8575
0.8582
0.8584
0.8577
0.8575
0.8574
0.8577
0.8572
0.8576
0.8581
0.8574
0.8578
0.8578
0.8577
0.857
0.8579
0.8571
0.8582
0.8559
0.8558
0.8565
0.8558
0.8568
0.8568
0.852
0.8506
0.8523
0.8518
0.8536
0.8522
0.8524
0.8519
0.852
0.8521
0.8527
0.8529
0.8531
0.853
0.8533
0.8539
0.8539
0.8573
0.8532
0.8538
0.8544
0.8545
0.8543
0.8543
0.8557
0.8561
0.8562
0.8563
0.8561
0.8562
0.8568
0.8568
0.857
0.8564
0.856
0.8563
0.856
0.8563
0.8562
0.8554
0.8546
0.8526
0.8501
0.8498
0.85
0.8513
0.8517
0.851
0.8516
0.8505
0.8505
0.8505
0.8496
0.8501
0.8501
0.8498
0.8499
0.8499
0.8502
0.8502
0.8504
0.8502
0.8486
0.8491
0.8495
0.8504
0.8503
0.8523
0.8524
0.8525
0.8531
0.853
0.8519
0.8535
0.8519
0.8522
0.8525
0.8527
0.8509
0.8514
0.854
0.854
0.8546
0.8544
0.8547
0.8551
0.8548
0.8546
0.8531
0.8535
0.8558
0.8544
0.8536
0.8516
0.8515
0.8488
0.8485
0.8468
0.8478
0.847
0.8468
0.8463
0.8469
0.8472
0.8469
0.8472
0.8478
0.8477
0.8474
0.8474
0.8471
0.8475
0.8469
0.847
0.8479
0.8484
0.8481
0.8487
0.8493
0.8488
0.8482
0.8481
0.8486
0.8483
0.8481
0.848
0.8479
0.8483
0.8483
0.8481
0.848
0.8479
0.8473
0.8474
0.8476
0.8474
0.8465
0.8463
0.8463
0.8463
0.8456
0.8461
0.8453
0.845
0.8454
0.845
0.8447
0.8441
0.8442
0.8441
0.8445
0.8445
0.8444
0.844
0.8441
0.8445
0.8442
0.8447
0.8449
0.8453
0.8439
0.8426
0.8419
0.8462
0.8467
0.8448
0.8465
0.8453
0.845
0.8447
0.8443
0.8441
0.8435
0.8431
0.8437
0.8431
0.843
0.8429
0.8427
0.8436
0.8433
0.8432
0.8426
0.843
0.8435
0.8439
0.8434
0.8433
0.8437
0.8438
0.8432
0.8434
0.8436
0.8434
0.8434
0.8436
0.8434
0.8427
0.8427
0.8428
0.8426
0.8426
0.8421
0.8412
0.8413
0.8418
0.8411
0.8419
0.8423
0.8426
0.842
0.8427
0.8432
0.8432
0.8428
0.8426
0.8433
0.8441
0.8436
0.8435
0.8436
0.8434
0.8437
0.8433
0.8436
0.8439
0.8444
0.8443
0.8441
0.8441
0.844
0.8438
0.8447
0.8433
0.8442
0.8454
0.8447
0.846
0.8474
0.8474
0.8484
0.8492
0.8484
0.848
0.848
0.8485
0.8485
0.8488
0.8489
0.8484
0.8489
0.8485
0.8487
0.8487
0.8488
0.8485
0.8478
0.8473
0.848
0.8489
0.848
0.848
0.8479
0.8482
0.8486
0.8484
0.8477
0.8478
0.8481
0.8488
0.8487
0.8487
0.8486
0.8486
0.8484
0.8487
0.8488
0.8489
0.849
0.8499
0.8502
0.8501
0.849
0.8499
0.8495
0.8474
0.8446
0.8474
0.8464
0.8457
0.8474
0.8495
0.8491
0.8489
0.8488
0.8486
0.8488
0.8487
0.8486
0.8491
0.8489
0.849
0.8488
0.8486
0.848
0.849
0.8488
0.8487
0.8486
0.8491
0.8486
0.8496
0.8483
0.8495
0.8491
0.8491
0.8478
0.8473
0.847
0.8474
0.8471
0.8463
0.8468
0.8469
0.8471
0.8473
0.8472
0.8474
0.8469
0.8484
0.8492
0.8492
0.851
0.8507
0.8507
0.8504
0.8516
0.8525
0.8524
0.8529
0.8524
0.8526
0.8527
0.8526
0.853
0.8536
0.8551
0.855
0.8549
0.8544
0.8543
0.8534
0.8533
0.8527
0.8513
0.8513
0.8521
0.8519
0.8534
0.8527
0.8538
0.8549
0.8537
0.8536
0.8541
0.8539
0.8533
0.8537
0.8538
0.8537
0.8538
0.8536
0.8532
0.8534
0.8537
0.8532
0.8541
0.8546
0.8548
0.8546
0.8556
0.8547
0.8541
0.8539
0.8533
0.8525
0.8527
0.8522
0.8525
0.8524
0.8522
0.8525
0.8526
0.8518
0.8515
0.8514
0.8516
0.8517
0.852
0.8527
0.8526
0.8516
0.8512
0.8514
0.8531
0.8522
0.8514
0.8517
0.8522
0.8519
0.8519
0.852
0.852
0.8514
0.8509
0.8517
0.8519
0.8519
0.8516
0.8512
0.8514
0.8516
0.8519
0.8514
0.8513
0.8498
0.8502
0.8497
0.8498
0.8494
0.8503
0.8513
0.8522
0.8521
0.8526
0.8523
0.8524
0.8535
0.8542
0.8542
0.8543
0.8537
0.853
0.8521
0.8526
0.8536
0.8534
0.8533
0.8529
0.8527
0.8525
0.8527
0.8528
0.8525
0.8527
0.8538
0.8538
0.8543
0.8539
0.8537
0.8536
0.8533
0.853
0.8528
0.8532
0.8534
0.8532
0.8531
0.853
0.8533
0.8536
0.8542
0.8544
0.8545
0.8527
0.8527
0.8544
0.8561
0.8573
0.8576
0.8578
0.8581
0.8596
0.8581
0.8577
0.8575
0.8573
0.8576
0.8577
0.8576
0.8579
0.8581
0.8577
0.8579
0.8577
0.8582
0.8579
0.8587
0.8588
0.8623
0.862
0.8612
0.8611
0.8612
0.8591
0.856
0.855
0.8541
0.8548
0.8542
0.8551
0.8548
0.8549
0.8551
0.8546
0.8547
0.8553
0.8554
0.8556
0.8554
0.8554
0.8556
0.8561
0.8571
0.8565
0.8559
0.8551
0.8544
0.853
0.8556
0.8556
0.8549
0.8537
0.854
0.854
0.8539
0.854
0.854
0.8541
0.8542
0.8543
0.8543
0.8542
0.8542
0.8544
0.8533
0.851
0.8521
0.8527
0.8532
0.8542
0.8535
0.8572
0.8577
0.8574
0.8578
0.8572
0.8574
0.8566
0.8568
0.8578
0.8578
0.8576
0.8584
0.8582
0.8578
0.8582
0.8582
0.8578
0.8587
0.8562
0.8557
0.8563
0.8557
0.8564
0.855
0.8543
0.8548
0.8551
0.8544
0.8546
0.8546
0.8545
0.854
0.8542
0.854
0.8536
0.8537
0.8541
0.8542
0.8543
0.8544
0.8546
0.8558
0.8522
0.8526
0.8529
0.852
0.8518
0.8515
0.8525
0.8517
0.8519
0.8522
0.8524
0.8521
0.8529
0.8527
0.8532
0.8531
0.8532
0.8532
0.8528
0.8527
0.8523
0.853
0.8534
0.8522
0.8505
0.8517
0.8528
0.8524
0.8523
0.8511
0.8499
0.8511
0.8522
0.8527
0.8527
0.8524
0.8524
0.8522
0.8523
0.8522
0.8518
0.8511
0.8514
0.8512
0.8514
0.8517
0.8509
0.8524
0.8527
0.8466
0.8464
0.8461
0.8458
0.8444
0.8414
0.8425
0.8424
0.8427
0.8429
0.8425
0.8427
0.8426
0.8427
0.8427
0.8425
0.8426
0.8428
0.8431
0.8432
0.8429
0.8427
0.8432
0.8444
0.8436
0.8421
0.841
0.84
0.8409
0.8402
0.8411
0.8415
0.8412
0.841
0.8413
0.8414
0.8417
0.8432
0.8424
0.8417
0.8421
0.8414
0.841
0.8407
0.8404
0.8408
0.8415
0.8427
0.843
0.842
0.8425
0.8436
0.8437
0.8436
0.8456
0.8449
0.8445
0.8445
0.8453
0.845
0.845
0.845
0.8451
0.8452
0.8451
0.8455
0.8455
0.8455
0.8453
0.8455
0.8447
0.844
0.8427
0.8429
0.8438
0.8446
0.8437
0.8471
0.8467
0.847
0.8466
0.847
0.8471
0.8475
0.8472
0.8476
0.8476
0.8472
0.8473
0.8474
0.8474
0.8473
0.8473
0.8469
0.8478
0.8482
0.8468
0.8471
0.8483
0.8487
0.8482
0.8476
0.848
0.8467
0.8469
0.847
0.8476
0.8474
0.8471
0.8475
0.8464
0.8464
0.8468
0.847
0.847
0.8467
0.8471
0.8472
0.8463
0.8456
0.8454
0.8453
0.8447
0.8468
0.8428
0.8419
0.8417
0.8414
0.8413
0.8409
0.8404
0.8408
0.8407
0.8409
0.841
0.8411
0.8411
0.8415
0.8417
0.8421
0.842
0.8415
0.8428
0.844
0.8446
0.8439
0.8429
0.8427
0.8419
0.8423
0.8423
0.8424
0.8421
0.8424
0.8424
0.8425
0.8424
0.8424
0.8423
0.8424
0.8422
0.8422
0.8423
0.8421
0.8419
0.8418
0.8419
0.8424
0.8418
0.842
0.8417
0.8419
0.8429
0.8432
0.8407
0.841
0.8411
0.8412
0.8411
0.8411
0.8412
0.8411
0.8413
0.8412
0.841
0.8411
0.8413
0.8413
0.8414
0.8417
0.8417
0.8422
0.8414
0.8416
0.8444
0.8446
0.8441
0.8444
0.8458
0.8459
0.845
0.8451
0.8447
0.8445
0.8445
0.8446
0.8446
0.8447
0.8448
0.8456
0.8454
0.8455
0.8456
0.8459
0.8466
0.8454
0.847
0.8477
0.8468
0.8469
0.848
0.8477
0.8459
0.8463
0.8464
0.8465
0.8464
0.8466
0.8465
0.8467
0.8466
0.8468
0.8468
0.8465
0.8469
0.8469
0.8465
0.8467
0.8458
0.8465
0.8448
0.8441
0.8436
0.8443
0.8459
0.8446
0.8448
0.8457
0.8458
0.8447
0.8436
0.8439
0.8439
0.8438
0.8437
0.8433
0.8435
0.8444
0.8442
0.8444
0.8444
0.8444
0.8441
0.844
0.8437
0.8452
0.8442
0.8441
0.8441
0.8444
0.8444
0.845
0.8453
0.8457
0.8454
0.8451
0.8452
0.8443
0.8446
0.8448
0.8447
0.8449
0.8448
0.8449
0.845
0.8447
0.8442
0.8442
0.8443
0.8446
0.8448
0.8439
0.8447
0.8462
0.848
0.8488
0.8483
0.8487
0.8482
0.8478
0.8481
0.8481
0.848
0.8482
0.8495
0.8496
0.8494
0.8494
0.8492
0.8488
0.8494
0.8496
0.8503
0.8495
0.8484
0.8482
0.8494
0.8507
0.8508
0.8504
0.8495
0.8494
0.85
0.8496
0.8496
0.8497
0.8497
0.8495
0.8492
0.8492
0.8495
0.8494
0.8494
0.8478
0.8482
0.8476
0.8461
0.8453
0.8454
0.8459
0.8446
0.844
0.8452
0.8457
0.8456
0.8456
0.8459
0.8459
0.8458
0.8457
0.8456
0.8448
0.8452
0.8452
0.8454
0.8454
0.8452
0.8458
0.8459
0.8454
0.8453
0.8456
0.8455
0.8453
0.8448
0.8449
0.8437
0.8428
0.8427
0.8429
0.8433
0.8436
0.8434
0.8433
0.8433
0.8432
0.8435
0.8435
0.8434
0.8434
0.8436
0.8433
0.8438
0.844
0.8448
0.8445
0.8434
0.8448
0.8438
0.8436
0.8448
0.8448
0.8456
0.8457
0.8457
0.8457
0.846
0.8452
0.8456
0.8454
0.8452
0.8452
0.8447
0.845
0.8452
0.8452
0.8455
0.8462
0.8466
0.8467
0.8461
0.8461
0.845
0.8449
0.8447
0.8449
0.8446
0.8445
0.8444
0.8443
0.8445
0.8443
0.8443
0.8445
0.8449
0.845
0.845
0.8449
0.8451
0.845
0.8456
0.8457
0.8479
0.8479
0.8486
0.8492
0.8496
0.85
0.85
0.8507
0.8515
0.8511
0.8512
0.8517
0.8512
0.8517
0.852
0.8521
0.8526
0.8526
0.8525
0.8526
0.8527
0.8523
0.8528
0.8541
0.8571
0.8567
0.8567
0.8562
0.8569
0.8574
0.856
0.8556
0.8548
0.8539
0.8538
0.8542
0.8531
0.8543
0.854
0.854
0.8537
0.8544
0.8545
0.8544
0.8538
0.8536
0.854
0.8549
0.8549
0.8545
0.8544
0.8549
0.8563
0.8561
0.856
0.8556
0.8555
0.8562
0.8562
0.856
0.8557
0.8559
0.856
0.856
0.8561
0.8562
0.8564
0.8563
0.856
0.8564
0.857
0.8582
0.8592
0.8584
0.8568
0.8569
0.8567
0.8563
0.8538
0.8542
0.8545
0.8543
0.8545
0.8549
0.8548
0.8548
0.855
0.855
0.854
0.8545
0.8546
0.8544
0.8544
0.8544
0.8547
0.8543
0.8546
0.8545
0.8552
0.8556
0.8559
0.8565
0.8567
0.8568
0.8559
0.8561
0.8561
0.8561
0.8558
0.8558
0.8559
0.856
0.8552
0.8553
0.8552
0.8551
0.8553
0.8553
0.8546
0.8551
0.8556
0.8557
0.8557
0.8555
0.8555
0.8546
0.855
0.8544
0.8546
0.8545
0.8546
0.8546
0.8541
0.8547
0.855
0.8548
0.8552
0.8553
0.8553
0.8552
0.8553
0.8554
0.8547
0.8548
0.8553
0.8568
0.8583
0.8571
0.8559
0.8564
0.8574
0.8559
0.8559
0.8555
0.8551
0.8551
0.8548
0.8551
0.8555
0.8555
0.8561
0.8562
0.8562
0.8561
0.8555
0.8552
0.8551
0.8552
0.8545
0.8559
0.8567
0.8563
0.8568
0.8593
0.8578
0.8575
0.858
0.8577
0.857
0.8562
0.8561
0.8563
0.8561
0.8564
0.8562
0.856
0.8562
0.8561
0.8563
0.8568
0.8566
0.8569
0.8547
0.8538
0.8541
0.8536
0.8534
0.8555
0.8547
0.855
0.8547
0.8541
0.8549
0.8553
0.8548
0.8548
0.8548
0.8546
0.8545
0.8546
0.8545
0.855
0.8548
0.8551
0.8546
0.8537
0.8538
0.8534
0.8535
0.853
0.8521
0.8519
0.8514
0.8519
0.853
0.853
0.8532
0.8532
0.8532
0.8533
0.8531
0.8531
0.853
0.8522
0.8524
0.8527
0.8524
0.8526
0.8529
0.8539
0.8549
0.8551
0.8548
0.8555
0.8555
0.8549
0.8537
0.8547
0.8546
0.854
0.8544
0.8547
0.8543
0.8539
0.8541
0.8542
0.8542
0.8543
0.8543
0.8544
0.8541
0.8539
0.8538
0.8539
0.8526
0.8502
0.8504
0.8503
0.8509
0.8518
0.8508
0.8502
0.8503
0.8496
0.8498
0.8496
0.8498
0.8497
0.8496
0.8496
0.8499
0.8501
0.8504
0.8503
0.8502
0.8506
0.8504
0.8497
0.8499
0.8495
0.8488
0.848
0.8492
0.8511
0.8518
0.8494
0.8493
0.8485
0.8486
0.8487
0.8487
0.8488
0.8491
0.8487
0.8487
0.8487
0.8486
0.8495
0.8497
0.8496
0.8496
0.85
0.8497
0.8497
0.8503
0.851
0.851
0.851
0.8517
0.8508
0.8501
0.8507
0.8504
0.8497
0.8496
0.8492
0.8494
0.8502
0.8502
0.85
0.8499
0.8498
0.8501
0.8498
0.8498
0.8499
0.8511
0.8514
0.8514
0.8506
0.8504
0.8501
0.8499
0.8497
0.8506
0.8502
0.851
0.8508
0.8509
0.8509
0.8511
0.8512
0.8512
0.8515
0.8513
0.8516
0.8516
0.8516
0.8512
0.8512
0.8535
0.8539
0.8537
0.8539
0.8542
0.8518
0.851
0.8511
0.8516
0.8515
0.8512
0.8507
0.8508
0.8507
0.8508
0.8509
0.8507
0.8506
0.8508
0.8508
0.8506
0.8501
0.8504
0.8493
0.8474
0.8482
0.8485
0.8483
0.8486
0.85
0.8508
0.8507
0.8499
0.8502
0.8502
0.8506
0.8505
0.8505
0.8504
0.8521
0.8515
0.8517
0.8514
0.8515
0.8514
0.8538
0.852
0.8516
0.8512
0.8505
0.8502
0.8496
0.8482
0.8477
0.8482
0.849
0.8504
0.8504
0.8509
0.8505
0.8506
0.8506
0.8504
0.8507
0.8502
0.8501
0.8502
0.8499
0.8498
0.8502
0.851
0.8529
0.8523
0.8515
0.8513
0.8506
0.8504
0.8498
0.8496
0.849
0.8493
0.8495
0.8497
0.8494
0.8495
0.8494
0.8489
0.8488
0.8486
0.8482
0.8483
0.8483
0.8485
0.849
0.8487
0.8492
0.8487
0.8484
0.8491
0.8483
0.848
0.8478
0.8492
0.849
0.8494
0.849
0.8499
0.8501
0.8501
0.85
0.85
0.85
0.85
0.8502
0.8505
0.8502
0.8501
0.8509
0.8509
0.8518
0.8531
0.8542
0.8567
0.8555
0.8566
0.8581
0.8579
0.8577
0.8565
0.8565
0.8564
0.8561
0.8561
0.8563
0.8561
0.8568
0.857
0.857
0.8567
0.8564
0.8564
0.856
0.8564
0.8555
0.857
0.8572
0.8561
0.8559
0.8553
0.8554
0.856
0.8562
0.8558
0.8565
0.8569
0.858
0.8582
0.8583
0.8582
0.8582
0.8587
0.8587
0.8583
0.8584
0.8584
0.858
0.8579
0.8561
0.8543
0.8539
0.8538
0.8544
0.8536
0.8519
0.8525
0.8542
0.8551
0.8544
0.8535
0.8534
0.8526
0.853
0.8529
0.8524
0.8526
0.8531
0.8535
0.8533
0.8535
0.8536
0.853
0.8536
0.8537
0.8539
0.8542
0.8542
0.8531
0.8531
0.8528
0.8524
0.8513
0.8517
0.8514
0.8506
0.8504
0.851
0.8516
0.8516
0.8516
0.8511
0.8513
0.8515
0.8523
0.852
0.853
0.8528
0.8527
0.8535
0.8535
0.8524
0.8497
0.8502
0.8504
0.8497
0.8497
0.8494
0.8498
0.8498
0.8498
0.8499
0.8501
0.8498
0.8495
0.8491
0.8499
0.8495
0.8494
0.849
0.8504
0.8507
0.8502
0.8488
0.8497
0.8496
0.8485
0.8482
0.8482
0.8484
0.8491
0.8492
0.8486
0.8485
0.8481
0.848
0.8484
0.8485
0.8485
0.8481
0.8477
0.8472
0.8472
0.847
0.8474
0.8485
0.8488
0.8479
0.8477
0.8477
0.8477
0.8475
0.8476
0.8484
0.8487
0.8493
0.849
0.849
0.8493
0.8493
0.8491
0.8496
0.8496
0.8496
0.8495
0.8493
0.8497
0.8498
0.85
0.8502
0.8534
0.8521
0.8521
0.8526
0.8546
0.8545
0.8548
0.8543
0.8547
0.8546
0.8548
0.8544
0.8541
0.8542
0.8541
0.8544
0.855
0.8557
0.8558
0.8556
0.8557
0.8559
0.8558
0.8555
0.8556
0.856
0.8578
0.8574
0.858
0.8563
0.8561
0.8554
0.8563
0.856
0.8558
0.8556
0.855
0.855
0.8555
0.8558
0.8552
0.8556
0.8556
0.8559
0.856
0.8558
0.8558
0.8556
0.8578
0.8562
0.8565
0.8567
0.8565
0.8559
0.856
0.8558
0.8563
0.8579
0.8583
0.8587
0.8584
0.8582
0.8582
0.8587
0.8586
0.8584
0.8582
0.8584
0.8585
0.8591
0.8587
0.8585
0.8577
0.8569
0.857
0.8574
0.8584
0.8579
0.858
0.8589
0.858
0.8585
0.8579
0.8563
0.8561
0.8563
0.8565
0.8564
0.8563
0.8561
0.8563
0.8561
0.8562
0.8559
0.8556
0.8572
0.8525
0.85
0.8502
0.8495
0.8491
0.8492
0.8497
0.85
0.8519
0.8519
0.851
0.8511
0.8517
0.8514
0.8517
0.8515
0.8517
0.8514
0.8514
0.8513
0.8515
0.8524
0.8513
0.8521
0.8526
0.8532
0.8616
0.8596
0.8553
0.856
0.8568
0.8576
0.8567
0.8569
0.8564
0.8564
0.8563
0.8564
0.8579
0.857
0.857
0.8573
0.8571
0.8571
0.857
0.8571
0.8583
0.8586
0.8595
0.8603
0.8597
0.8608
0.8617
0.8612
0.8612
0.8601
0.8607
0.8604
0.8611
0.8605
0.8611
0.8617
0.8621
0.8622
0.8618
0.8616
0.862
0.8619
0.8614
0.8614
0.861
0.8619
0.8621
0.8621
0.862
0.862
0.8609
0.8618
0.8609
0.8613
0.8607
0.8605
0.861
0.8607
0.8605
0.8606
0.8606
0.8611
0.8608
0.861
0.8605
0.8608
0.8609
0.8612
0.8609
0.8608
0.8642
0.866
0.8657
0.8651
0.8647
0.8642
0.8618
0.8609
0.8609
0.8594
0.86
0.8597
0.8595
0.86
0.8601
0.8602
0.86
0.8602
0.8593
0.8593
0.859
0.8591
0.8593
0.8598
0.8611
0.8606
0.8603
0.8601
0.861
0.8604
