120.094
120.125
120.145
120.378
120.097
119.589
119.914
120.081
120.098
119.793
119.97
120.057
120.028
120.291
120.007
120.114
120.064
119.675
119.897
120.153
120.362
120.354
120.425
121.15
121.068
121.132
121.064
121.406
121.653
121.625
121.374
121.391
121.223
121.488
121.535
121.415
121.388
120.86
120.792
120.821
121.185
121.08
120.681
120.722
120.829
120.865
121.259
121.069
120.864
120.883
120.95
120.842
120.963
120.968
121.106
121.159
121.122
120.994
120.855
121.147
121.107
120.78
120.876
120.822
120.715
120.622
120.583
121.244
121.277
121.967
121.763
121.801
121.825
121.809
121.712
121.785
121.829
121.567
121.444
121.604
121.481
121.634
121.275
121.548
121.641
121.544
121.577
121.518
121.711
121.643
121.538
121.324
121.26
121.391
121.401
121.642
121.637
121.714
121.732
121.74
121.663
121.779
121.601
121.472
121.375
121.373
121.314
121.55
121.563
121.619
121.381
121.441
121.396
121.436
121.546
121.58
121.572
121.645
121.733
121.632
121.634
121.716
121.785
121.695
121.594
121.596
121.656
121.72
121.644
121.729
121.801
121.691
121.938
121.801
121.734
121.871
121.733
121.807
121.67
121.609
121.587
121.956
121.982
122.189
122.202
121.954
121.975
121.913
121.991
122.065
122.052
121.917
122.013
121.998
122.029
122.133
122.307
122.747
122.48
122.6
122.764
123.566
123.732
123.872
124.318
124.375
124.511
124.291
124.325
124.247
124.376
124.367
124.335
124.512
124.832
124.904
124.929
124.828
124.705
124.779
125.071
125.097
125.476
125.497
125.531
125.014
124.707
124.699
124.707
124.305
124.577
124.615
124.86
124.833
124.674
124.9
124.892
124.839
124.95
125.117
125.039
124.909
124.89
124.969
124.911
124.88
124.996
124.853
124.929
125.028
124.91
125.019
125.029
125.201
125.434
125.524
125.51
125.605
125.635
125.902
125.916
125.785
125.9
125.885
125.72
125.669
125.63
125.476
125.32
125.079
124.894
124.692
124.807
125.19
125.669
125.298
125.032
125.031
124.988
124.955
125.076
125.189
125.064
124.949
124.953
125.152
125.054
124.952
124.735
124.829
124.788
124.891
124.715
124.768
124.795
124.541
124.502
124.35
124.243
124.344
124.313
124.453
124.523
124.391
124.403
124.558
124.487
124.433
124.455
124.402
124.213
124.189
124.233
124.375
124.303
124.424
124.59
124.949
124.869
124.551
124.589
124.822
124.768
124.775
124.797
124.85
124.733
124.821
124.952
124.951
124.943
125.035
124.893
125.097
124.959
125.061
125.164
125.159
125.215
125.146
125.114
125.019
125.594
125.61
125.399
125.556
125.063
124.702
124.297
124.522
124.785
124.693
124.566
124.549
122.262
122.539
122.312
122.509
122.263
122.157
122.211
122.183
121.71
121.734
122.492
123.115
123.117
122.926
123.089
122.895
122.884
123.056
123.088
123.421
123.586
123.535
123.441
123.231
123.433
123.396
123.481
123.774
123.848
123.966
123.782
123.848
123.437
123.753
123.489
123.478
123.409
123.272
123.538
123.556
123.52
122.859
122.086
121.885
122.159
122.188
122.56
122.483
122.436
122.241
122.274
122.154
122.282
122.319
122.395
122.336
122.358
122.624
122.888
122.898
123.212
123.256
123.362
123.626
123.681
123.746
123.658
123.728
123.951
124.148
124.166
124.152
124.258
124.229
124.17
124.055
124.196
124.299
124.197
123.918
124.007
123.944
123.826
123.628
122.997
123.241
122.959
123.01
122.728
122.758
122.838
122.678
122.309
122.608
122.224
122.425
122.522
122.58
122.403
122.583
122.568
122.583
122.594
122.493
121.994
122.136
122.118
121.847
121.99
122.651
122.771
122.836
123.141
122.876
122.549
122.747
122.474
122.672
122.718
122.723
122.461
122.743
123.471
123.379
123.692
123.611
123.554
123.687
123.518
123.443
122.949
123.079
123.322
123.113
123.147
122.547
122.487
121.74
121.541
120.604
120.985
120.906
121.005
120.953
121.007
121.146
120.785
121.02
121.436
121.311
121.328
121.159
121.265
121.383
121.161
121.162
121.202
121.373
121.041
121.322
121.194
121.293
121.174
121.301
121.426
121.482
121.515
121.433
121.492
121.74
121.703
121.697
121.693
121.776
121.778
121.795
121.699
121.683
121.45
121.466
121.073
120.695
120.333
120.475
120.389
120.403
120.599
120.545
120.568
120.54
120.598
120.706
120.608
120.591
120.475
120.45
120.294
120.204
120.316
120.258
120.383
120.582
120.521
120.115
120.079
120.573
120.773
120.637
120.838
120.78
120.66
120.574
120.574
120.673
120.624
120.595
120.71
120.768
120.704
120.777
120.675
120.7
120.722
120.596
120.385
120.494
120.484
120.52
120.562
120.563
120.643
120.618
120.611
120.699
120.681
120.715
120.729
120.776
120.671
120.738
120.738
120.766
120.801
120.742
120.667
119.988
120.008
120.192
119.993
120.047
120.072
119.769
119.799
119.819
120.087
120.075
120.103
119.956
119.769
119.94
119.906
119.927
119.967
119.875
119.779
119.658
119.712
119.717
119.743
119.759
119.727
119.347
119.405
119.213
119.432
119.32
119.589
119.781
119.743
119.689
119.589
119.743
120.098
119.876
119.9
119.734
119.607
119.765
119.73
119.707
119.759
119.674
119.859
119.851
119.742
119.762
119.764
119.731
119.573
119.598
119.858
119.995
119.828
119.879
119.68
119.459
119.271
119.392
119.277
119.197
119.25
119.38
119.494
119.496
119.407
119.232
119.282
119.421
119.363
119.357
120.769
121.618
122.208
122.19
121.996
122.142
122.218
122.253
121.817
123.277
123.77
123.486
123.833
124.38
124.371
124.426
124.56
124.594
124.554
124.57
125.221
125.245
125.46
125.276
124.507
124.46
124.159
124.38
124.428
124.379
124.252
124.427
125.186
125.805
126.461
126.332
126.391
126.66
126.99
126.939
126.756
127.644
127.93
128.269
127.884
127.828
127.827
128
127.992
127.926
128.024
128.411
128.704
128.337
128.497
128.448
128.421
128.283
128.679
128.668
128.541
129.075
129.024
129.14
129.231
129.482
129.634
129.38
129.473
129.814
129.676
129.569
129.564
129.143
128.928
128.743
128.898
129
128.953
128.976
129.258
129.143
129.156
129.675
129.737
129.886
130.018
129.511
129.491
129.698
129.684
129.543
129.678
129.47
129.581
129.528
129.705
129.598
129.894
130.224
130.26
130.143
130.38
129.761
129.913
130.307
130.098
130.003
130.316
130.21
130.265
130.398
130.386
130.439
130.356
130.148
130.012
129.991
129.761
130.044
130.126
130.347
130.18
130.312
130.322
130.422
130.771
130.523
130.156
130.123
130.658
130.507
130.774
131.033
130.939
130.768
130.482
130.725
130.73
130.733
130.579
130.452
130.587
130.399
130.411
130.363
130.16
129.835
129.411
129.356
129.653
129.493
129.577
129.452
129.306
129.611
129.623
129.558
129.335
129.18
128.962
128.962
128.887
128.985
128.886
129.103
