1.5127
1.5124
1.5126
1.513
1.5131
1.5105
1.511
1.511
1.5108
1.5082
1.5095
1.51
1.5116
1.5127
1.5129
1.5125
1.5144
1.516
1.5162
1.5138
1.513
1.5131
1.5121
1.5151
1.5156
1.5156
1.5159
1.5163
1.5163
1.5166
1.5168
1.5166
1.5161
1.5162
1.5164
1.5174
1.5183
1.5164
1.5183
1.5194
1.5205
1.5173
1.5167
1.5181
1.5185
1.5182
1.5176
1.5169
1.5165
1.5159
1.5162
1.5162
1.5164
1.5172
1.5168
1.5172
1.517
1.5179
1.5173
1.5171
1.5169
1.5037
1.5029
1.5017
1.5042
1.5025
1.5011
1.5007
1.5026
1.5033
1.5016
1.502
1.5024
1.504
1.5029
1.5033
1.5031
1.5031
1.5029
1.5037
1.5032
1.5035
1.5026
1.5032
1.5041
1.5015
1.5036
1.5042
1.5047
1.5063
1.5063
1.5068
1.5081
1.509
1.5092
1.511
1.5106
1.5112
1.5113
1.5127
1.5123
1.5125
1.5123
1.513
1.5123
1.5126
1.5119
1.5122
1.5144
1.5177
1.5153
1.5156
1.5149
1.5156
1.5151
1.5121
1.5096
1.5104
1.5115
1.5111
1.5119
1.5124
1.5124
1.5133
1.5141
1.5143
1.5142
1.5141
1.5133
1.5139
1.5131
1.511
1.5104
1.5081
1.5087
1.509
1.5088
1.5081
1.5054
1.5056
1.5031
1.5019
1.5032
1.5035
1.503
1.5015
1.4987
1.4998
1.4986
1.4994
1.4994
1.5005
1.4998
1.5
1.4992
1.4973
1.4994
1.4993
1.4989
1.5056
1.5049
1.5074
1.5054
1.5043
1.5032
1.5023
1.5022
1.5015
1.5012
1.5012
1.5015
1.5019
1.5014
1.5014
1.5001
1.5005
1.4987
1.4983
1.4988
1.4992
1.5014
1.5026
1.5034
1.5045
1.5025
1.4923
1.4943
1.4935
1.4925
1.494
1.4939
1.4934
1.4918
1.4914
1.4916
1.4908
1.4906
1.4915
1.4923
1.4918
1.4921
1.4918
1.4923
1.4926
1.4933
1.4925
1.4915
1.4882
1.4874
1.4886
1.488
1.4899
1.4911
1.4902
1.4921
1.493
1.492
1.4914
1.4916
1.4909
1.4904
1.4904
1.4907
1.4901
1.4891
1.4897
1.4892
1.4887
1.4889
1.4905
1.485
1.486
1.4879
1.4887
1.4861
1.4858
1.4879
1.4912
1.4901
1.4907
1.4903
1.4899
1.4897
1.4897
1.4904
1.4907
1.492
1.4935
1.4937
1.4934
1.4933
1.4938
1.4952
1.4931
1.4959
1.4951
1.4974
1.4945
1.492
1.4922
1.4921
1.4924
1.4927
1.4925
1.4925
1.4919
1.492
1.492
1.4924
1.4946
1.4954
1.4945
1.494
1.4933
1.4934
1.4947
1.4939
1.4932
1.4944
1.4947
1.4936
1.4939
1.4987
1.5013
1.504
1.5087
1.5084
1.5081
1.5083
1.5077
1.5083
1.5083
1.5085
1.5077
1.5099
1.5089
1.5082
1.5087
1.5082
1.5101
1.5131
1.5133
1.5154
1.5156
1.5155
1.5159
1.5137
1.5134
1.5115
1.5124
1.5113
1.5088
1.5095
1.5113
1.5123
1.5114
1.51
1.5078
1.509
1.5103
1.5112
1.5094
1.509
1.5097
1.509
1.5132
1.5134
1.5125
1.51
1.5101
1.5111
1.5119
1.5115
1.5109
1.5093
1.5095
1.5102
1.51
1.5105
1.5093
1.5091
1.5105
1.5109
1.5101
1.5099
1.5102
1.5091
1.5095
1.5094
1.5073
1.5117
1.5111
1.5115
1.513
1.5112
1.5091
1.5125
1.5105
1.5102
1.51
1.51
1.5095
1.5092
1.5097
1.5094
1.5104
1.5096
1.5092
1.5088
1.5085
1.5087
1.5089
1.5099
1.5028
1.5139
1.5128
1.5129
1.5144
1.5152
1.5158
1.5132
1.5124
1.5136
1.5117
1.5104
1.5098
1.5103
1.509
1.5093
1.5104
1.5121
1.5124
1.5122
1.5113
1.5118
1.5124
1.5118
1.5135
1.5167
1.5197
1.5184
1.5167
1.5134
1.5156
1.5165
1.5171
1.5177
1.5177
1.517
1.5171
1.5166
1.5179
1.5178
1.5187
1.5184
1.5181
1.5183
1.519
1.5191
1.519
1.5189
1.5181
1.5205
1.5195
1.5191
1.5188
1.5203
1.5213
1.5235
1.5209
1.5235
1.523
1.524
1.5226
1.523
1.5235
1.524
1.5249
1.5248
1.5246
1.5244
1.5245
1.5246
1.5244
1.523
1.5226
1.5208
1.5208
1.5215
1.5181
1.5193
1.5166
1.5181
1.5177
1.5181
1.5181
1.518
1.5172
1.517
1.5175
1.5177
1.5175
1.5178
1.5175
1.5181
1.5179
1.5192
1.5196
1.5184
1.5198
1.5172
1.517
1.5148
1.5153
1.5147
1.5159
1.5156
1.5148
1.5143
1.5152
1.5158
1.5155
1.5159
1.5162
1.516
1.5163
1.5157
1.5156
1.5155
1.5152
1.5153
1.5159
1.5148
1.5173
1.513
1.5113
1.5098
1.5098
1.5098
1.5106
1.5113
1.5113
1.5117
1.5131
1.5127
1.5123
1.5128
1.5129
1.5125
1.5144
1.5138
1.5137
1.5133
1.5132
1.5136
1.5148
1.5157
1.5144
1.5169
1.5124
1.5126
1.5141
1.515
1.5173
1.5178
1.5169
1.518
1.5187
1.5193
1.5187
1.5187
1.5191
1.5197
1.5213
1.5212
1.5208
1.5207
1.5207
1.5188
1.5187
1.5188
1.5187
1.5195
1.5197
1.5195
1.5191
1.5193
1.5196
1.5186
1.5191
1.5189
1.5193
1.5192
1.52
1.52
1.5196
1.5197
1.5194
1.519
1.5185
1.5184
1.5181
1.5189
1.5188
1.5193
1.5206
1.5209
1.5207
1.5195
1.5191
1.5207
1.5209
1.523
1.523
1.5229
1.5235
1.523
1.5229
1.5231
1.5226
1.5225
1.5221
1.5237
1.5239
1.524
1.5246
1.5236
1.523
1.5222
1.5234
1.5213
1.5186
1.5194
1.517
1.5141
1.5131
1.513
1.511
1.5113
1.5115
1.5109
1.5101
1.5102
1.5103
1.5106
1.5106
1.5084
1.5084
1.5082
1.5085
1.5082
1.5086
1.5097
1.5105
1.5111
1.5106
1.5112
1.5126
1.5135
1.5153
1.5134
1.5138
1.5148
1.5149
1.5142
1.5133
1.5123
1.513
1.5132
1.5138
1.5136
1.5129
1.5132
1.5131
1.5111
1.5101
1.5088
1.5039
1.5063
1.5044
1.5071
1.5108
1.5118
1.5188
1.518
1.5196
1.5196
1.5223
1.5235
1.5234
1.5233
1.5238
1.523
1.5224
1.5238
1.5227
1.5219
1.5224
1.5226
1.5227
1.5212
1.5204
1.522
1.5237
1.5226
1.5227
1.5313
1.5306
1.5349
1.5334
1.5322
1.5325
1.5335
1.5333
1.5341
1.5326
1.5347
1.5346
1.5337
1.5338
1.5333
1.5326
1.5325
1.5316
1.5335
1.5313
1.5317
1.5314
1.5302
1.5316
1.531
1.5312
1.528
1.5256
1.5257
1.526
1.525
1.5247
1.5251
1.5264
1.5259
1.5263
1.5274
1.5272
1.5267
1.5265
1.5267
1.5266
1.527
1.5259
1.5303
1.5313
1.5293
1.5303
1.5305
1.5301
1.5288
1.5316
1.5325
1.5331
1.5333
1.5319
1.5317
1.5317
1.5319
1.532
1.5318
1.532
1.5336
1.5332
1.5328
1.5324
1.5334
1.5334
1.5323
1.5321
1.5305
1.5319
1.531
1.5317
1.5322
1.5313
1.5313
1.5318
1.5313
1.5326
1.5328
1.5326
1.5322
1.5325
1.5325
1.5326
1.5326
1.5328
1.5331
1.5331
1.5321
1.5355
1.5365
1.5388
1.5393
1.5403
1.5385
1.537
1.5397
1.54
1.5401
1.5395
1.5389
1.5383
1.538
1.5383
1.5388
1.5389
1.5396
1.5404
1.5404
1.5398
1.5393
1.539
1.5379
1.5375
1.5356
1.5352
1.5374
1.5368
1.5371
1.5371
1.5358
1.536
1.5357
1.5349
1.5346
1.5346
1.5339
1.5339
1.5339
1.5349
1.5351
1.5375
