139.08
139.082
139.115
139.356
139.153
138.467
138.842
138.902
138.896
138.319
138.487
138.519
138.673
138.803
138.716
138.648
138.796
138.628
138.863
138.777
138.981
139.016
139.056
139.83
139.707
139.911
139.73
139.975
140.336
140.262
140.064
140.034
139.843
140.112
140.209
140.153
140.306
139.694
139.898
140.001
140.279
140.068
139.855
140.115
140.258
140.256
140.686
140.604
140.373
140.386
140.413
140.309
140.35
140.421
140.515
140.593
140.55
140.469
140.356
140.501
140.503
139.462
139.506
139.463
139.622
139.358
139.411
140.099
140.31
140.699
140.456
140.519
140.567
140.726
140.561
140.669
140.756
140.402
140.277
140.411
140.314
140.516
140.226
140.442
140.717
140.517
140.66
140.652
140.756
140.882
140.723
140.541
140.738
140.794
140.848
141.151
141.155
141.246
141.271
141.293
141.209
141.371
141.156
141.015
140.832
140.73
140.759
140.886
140.918
141.344
141.146
141.194
141.151
141.141
141.183
141.118
140.978
141.041
141.077
140.977
141.022
141.094
141.18
141.169
140.95
140.949
141.013
141.07
140.986
141.08
141.103
140.943
141.082
140.897
140.949
140.997
140.932
140.936
140.867
140.823
140.742
141.029
141.182
141.434
141.401
141.176
140.857
140.882
140.878
140.974
140.909
140.807
140.862
140.861
140.837
140.725
140.822
141.157
141.111
141.771
142.004
142.349
142.171
142.415
142.663
142.613
142.641
142.398
142.436
142.325
142.514
142.553
142.518
142.71
143.034
143.105
143.01
142.856
142.823
142.986
143.482
143.521
143.765
143.998
144.108
143.679
143.452
143.512
143.256
143.035
143.17
143.115
143.344
143.228
143.145
143.378
143.363
143.319
143.446
143.566
143.441
143.361
143.377
143.384
143.432
143.421
143.371
142.935
142.919
143.154
143.094
143.231
143.265
143.378
143.628
143.71
143.654
143.59
143.66
144.011
144.006
143.892
143.982
143.978
143.734
143.7
143.616
143.525
143.509
143.371
142.577
142.441
142.739
142.933
142.921
142.781
142.862
143.072
142.986
142.993
143.039
143.164
143.0
142.875
142.929
143.187
143.107
143.151
142.907
143.001
142.94
143.053
142.775
143.122
143.387
143.156
143.331
143.331
143.263
143.432
143.28
143.32
143.379
143.26
143.316
143.421
143.315
143.296
143.304
143.261
143.252
143.207
143.256
143.466
143.313
143.537
143.697
143.97
144.017
144.005
144.085
144.124
144.412
144.491
144.693
144.663
144.678
144.783
144.926
144.833
144.939
144.904
144.832
145.066
145.018
145.0
145.087
145.021
145.051
145.141
145.313
145.321
145.779
145.729
145.524
145.332
144.959
144.525
143.958
144.191
144.396
144.107
143.978
143.979
143.2
143.477
143.287
143.121
143.0
142.975
143.056
143.013
142.465
142.57
142.993
143.667
143.732
143.572
143.573
143.464
143.528
143.661
143.531
143.772
143.948
144.011
143.953
143.753
143.894
143.922
143.974
144.22
144.416
144.487
144.272
144.364
144.015
144.228
144.069
143.855
144.158
144.023
144.214
144.353
144.112
143.415
143.254
143.246
143.319
143.422
143.558
143.567
143.613
143.486
143.484
143.336
143.374
143.396
143.448
143.386
143.371
143.598
143.872
143.303
144.383
144.323
144.356
144.65
144.744
144.817
144.486
144.504
144.752
144.96
145.009
144.958
145.009
144.985
144.863
144.823
145.063
145.124
145.063
144.69
144.807
144.868
144.858
144.981
144.646
145.004
144.626
144.471
144.057
144.227
144.221
144.213
143.793
144.148
143.829
143.981
144.15
144.249
143.994
144.219
144.14
144.151
144.145
144.045
143.747
143.833
143.735
143.257
143.442
143.885
144.016
144.083
144.33
144.031
143.857
143.777
143.755
143.931
143.941
143.883
143.92
144.142
144.543
144.428
144.707
144.647
144.54
144.632
144.481
144.431
144.1
144.175
144.075
144.072
144.245
143.864
143.824
143.394
143.215
142.403
142.694
142.716
142.881
142.886
142.855
142.974
142.577
142.805
143.218
143.077
143.15
142.944
143.124
143.202
143.036
143.032
142.906
143.031
142.691
142.878
142.687
142.873
142.841
142.997
143.075
143.167
143.262
143.107
143.264
143.492
143.455
143.47
143.477
143.6
143.704
143.704
143.558
143.579
143.449
143.512
143.051
142.599
142.265
142.369
142.379
142.469
142.628
142.631
142.708
142.791
142.834
142.917
142.784
142.772
142.695
142.696
142.476
142.311
142.49
142.357
142.447
142.654
142.808
142.533
142.6
142.463
142.582
142.743
142.725
142.86
142.763
142.735
142.778
142.955
142.988
142.94
143.071
143.227
143.128
143.241
143.182
143.055
143.118
142.988
142.86
142.943
142.818
142.795
142.922
142.941
142.975
142.901
143.013
143.066
143.03
143.083
143.087
143.118
143.02
143.148
143.148
143.258
143.329
143.275
143.232
142.611
142.616
142.746
142.633
142.551
142.536
142.128
142.251
142.155
142.401
142.368
142.476
142.36
141.99
142.07
142.113
142.159
142.183
142.111
141.953
141.889
141.882
141.826
141.812
141.796
141.814
141.377
141.463
141.247
141.373
141.436
141.648
141.662
141.755
141.449
141.1
141.292
141.526
141.154
141.297
141.165
141.023
141.136
141.079
141.008
141.051
141.029
141.184
141.229
141.069
141.085
141.064
141.095
141.028
141.145
141.331
141.327
141.281
141.342
141.124
140.782
140.527
140.72
140.694
140.573
140.576
140.618
140.774
140.786
140.688
140.473
140.58
140.67
140.597
140.58
142.253
143.079
143.722
143.714
143.671
143.671
143.877
144.234
144.217
145.472
146.226
145.994
146.122
146.396
146.444
146.544
146.736
146.791
146.721
146.751
147.547
147.465
147.768
147.527
146.666
146.626
146.383
146.478
146.583
146.529
146.409
146.515
147.496
148.055
149.07
148.691
148.823
149.136
149.794
149.756
149.607
150.547
150.963
151.535
151.014
150.912
150.891
151.035
151.052
150.934
151.194
151.333
151.532
151.076
150.957
150.909
150.944
150.832
151.072
150.912
150.776
151.324
151.339
151.433
151.564
151.835
151.924
151.552
151.399
151.806
151.657
151.629
151.645
151.319
151.07
150.956
151.418
151.504
151.309
151.369
151.433
151.43
151.247
151.664
151.955
152.139
152.22
151.65
151.642
151.884
151.858
151.709
151.854
151.64
151.865
151.762
151.912
151.868
152.06
152.35
152.348
152.263
152.371
151.772
152.062
152.569
152.45
152.471
152.815
152.765
152.78
152.962
152.94
152.978
152.864
152.768
152.67
152.661
152.362
152.659
152.717
152.852
152.662
153.003
153.085
153.168
153.27
153.12
152.844
152.747
153.3
153.173
153.476
153.771
153.679
153.577
153.29
153.453
153.432
153.431
153.301
153.229
153.353
153.1
153.057
153.095
152.87
152.726
152.19
152.223
152.548
152.451
152.363
152.046
151.698
152.083
152.016
151.998
151.722
151.354
150.949
150.949
150.826
151.046
151.076
151.526
