-264.0
-272.0
-257.0
-260.0
-269.0
-219.0
-219.0
-316.0
-316.0
-305.0
-326.0
-334.0
-308.0
-310.0
-319.0
-336.0
-375.0
-388.0
-382.0
-371.0
-351.0
-349.0
-362.0
-415.0
-403.0
-309.0
-276.0
-292.0
-305.0
-315.0
-331.0
-337.0
-329.0
-306.0
-294.0
-296.0
-311.0
-358.0
-374.0
-370.0
-398.0
-399.0
-381.0
-391.0
-395.0
-376.0
-363.0
-386.0
-396.0
-387.0
-384.0
-398.0
-404.0
-397.0
-403.0
-420.0
-462.0
-457.0
-447.0
-461.0
-445.0
-410.0
-390.0
-407.0
-395.0
-370.0
-367.0
-400.0
-407.0
-386.0
-372.0
-368.0
-380.0
-373.0
-359.0
-344.0
-372.0
-407.0
-430.0
-420.0
-340.0
-343.0
-430.0
-421.0
-370.0
-311.0
-272.0
-295.0
-323.0
-343.0
-347.0
-300.0
-264.0
-243.0
-243.0
-251.0
-233.0
-209.0
-200.0
-226.0
-206.0
-192.0
-261.0
-261.0
-208.0
-208.0
-353.0
-353.0
-306.0
-160.0
-160.0
-179.0
-256.0
-387.0
-387.0
-470.0
-592.0
-592.0
-650.0
-608.0
-556.0
-548.0
-577.0
-615.0
-611.0
-560.0
-555.0
-544.0
-438.0
-438.0
-449.0
-500.0
-768.0
-768.0
-439.0
-439.0
-459.0
-462.0
-537.0
-537.0
-533.0
-480.0
-480.0
-562.0
-562.0
-521.0
-283.0
-283.0
-716.0
-716.0
-682.0
-682.0
-669.0
-619.0
-554.0
-296.0
-296.0
-588.0
-588.0
-640.0
-698.0
-662.0
-587.0
-584.0
-638.0
-547.0
-369.0
-369.0
-705.0
-705.0
-285.0
-285.0
-709.0
-709.0
-632.0
-569.0
-582.0
-566.0
-537.0
-269.0
-269.0
-595.0
-595.0
-472.0
-472.0
-623.0
-623.0
-624.0
-582.0
-576.0
-298.0
-298.0
-429.0
-429.0
-610.0
-610.0
-554.0
-606.0
-598.0
-551.0
-537.0
-617.0
-685.0
-690.0
-676.0
-651.0
-669.0
-743.0
-999.0
-999.0
-615.0
-615.0
-605.0
-645.0
-710.0
-720.0
-660.0
-545.0
-569.0
-692.0
-692.0
-635.0
-662.0
-698.0
-719.0
-724.0
-712.0
-708.0
-709.0
-687.0
-704.0
-718.0
-657.0
-627.0
-641.0
-625.0
-626.0
-633.0
-635.0
-618.0
-571.0
-569.0
-590.0
-606.0
-626.0
-607.0
-584.0
-562.0
-552.0
-536.0
-539.0
-568.0
-539.0
-504.0
-504.0
-538.0
-538.0
-389.0
-389.0
-494.0
-563.0
-563.0
-558.0
-561.0
-545.0
-538.0
-535.0
-530.0
-474.0
-474.0
-460.0
-423.0
-381.0
-388.0
-392.0
-407.0
-363.0
-293.0
-321.0
-368.0
-413.0
-394.0
-362.0
-415.0
-429.0
-400.0
-407.0
-434.0
-438.0
-442.0
-465.0
-502.0
-544.0
-544.0
-560.0
-537.0
-523.0
-489.0
-489.0
-468.0
-439.0
-470.0
-508.0
-498.0
-469.0
-461.0
-458.0
-452.0
-453.0
-458.0
-476.0
-502.0
-762.0
-762.0
-498.0
-498.0
-496.0
-500.0
-489.0
-512.0
-544.0
-544.0
-577.0
-587.0
-601.0
-588.0
-585.0
-588.0
-601.0
-617.0
-608.0
-621.0
-637.0
-624.0
-606.0
-584.0
-566.0
-552.0
-548.0
-533.0
-486.0
-486.0
-484.0
-496.0
-508.0
-538.0
-538.0
-571.0
-586.0
-618.0
-660.0
-688.0
-717.0
-728.0
-703.0
-678.0
-689.0
-720.0
-749.0
-842.0
-842.0
-881.0
-921.0
-975.0
-1010.0
-1086.0
-1086.0
-1140.0
-1191.0
-1254.0
-1340.0
-1340.0
-1380.0
-1422.0
-1458.0
-1479.0
-1499.0
-1531.0
-1589.0
-1589.0
-1630.0
-1689.0
-1711.0
-1707.0
-1669.0
-1625.0
-1621.0
-1582.0
-1524.0
-1524.0
-1493.0
-1457.0
-1432.0
-1411.0
-1355.0
-1301.0
-1230.0
-1230.0
-1195.0
-1187.0
-1189.0
-1190.0
-1134.0
-1069.0
-1080.0
-1110.0
-1107.0
-1101.0
-1162.0
-1199.0
-1176.0
-1079.0
-807.0
-807.0
-1093.0
-1093.0
-1121.0
-1149.0
-1165.0
-1178.0
-1192.0
-1203.0
-1213.0
-1226.0
-1221.0
-1225.0
-1243.0
-1254.0
-1274.0
-1324.0
-1324.0
-1303.0
-1262.0
-1262.0
-1259.0
-1266.0
-1274.0
-1530.0
-1530.0
-1261.0
-1261.0
-1268.0
-1288.0
-1288.0
-1292.0
-1286.0
-1288.0
-1311.0
-1333.0
-1354.0
-1363.0
-1347.0
-1331.0
-1332.0
-1322.0
-1307.0
-1285.0
-1266.0
-1266.0
-1276.0
-1264.0
-1269.0
-1253.0
-1227.0
-1229.0
-1218.0
-1211.0
-1196.0
-1199.0
-1231.0
-1246.0
-1258.0
-1270.0
-1272.0
-1329.0
-1329.0
-1341.0
-1329.0
-1340.0
-1335.0
-1319.0
-1331.0
-1313.0
-1314.0
-1332.0
-1346.0
-1384.0
-1413.0
-1431.0
-1417.0
-1425.0
-1463.0
-1452.0
-1441.0
-1456.0
-1458.0
-1454.0
-1452.0
-1449.0
-1460.0
-1476.0
-1472.0
-1458.0
-1456.0
-1450.0
-1423.0
-1396.0
-1388.0
-1370.0
-1355.0
-1353.0
-1346.0
-1338.0
-1352.0
-1369.0
-1384.0
-1403.0
-1414.0
-1410.0
-1400.0
-1410.0
-1431.0
-1456.0
-1472.0
-1476.0
-1486.0
-1480.0
-1461.0
-1508.0
-1694.0
-1694.0
-1502.0
-1502.0
-1425.0
-1410.0
-1476.0
-1487.0
-1453.0
-1413.0
-1460.0
-1492.0
-1550.0
-1550.0
-1616.0
-1449.0
-1449.0
-1445.0
-1510.0
-1481.0
-1425.0
-1481.0
-1505.0
-1502.0
-1525.0
-1536.0
-1562.0
-1562.0
-1552.0
-1548.0
-1582.0
-1575.0
-1564.0
-1597.0
-1633.0
-1665.0
-1690.0
-1692.0
-1680.0
-1666.0
-1654.0
-1660.0
-1701.0
-1668.0
-1588.0
-1611.0
-1665.0
-1693.0
-1720.0
-1744.0
-1777.0
-1783.0
-1758.0
-1759.0
-1763.0
-1788.0
-1850.0
-1850.0
-1842.0
-1827.0
-1823.0
-1837.0
-1866.0
-1889.0
-1879.0
-1866.0
-1872.0
-1879.0
-1886.0
-1896.0
-1893.0
-1888.0
-1896.0
-1903.0
-1912.0
-1917.0
-1912.0
-1908.0
-1909.0
-1899.0
-1902.0
-1932.0
-1951.0
-1944.0
-1941.0
-1955.0
-1976.0
-1994.0
-2007.0
-2020.0
-2023.0
-2036.0
-2039.0
-2031.0
-2015.0
-1999.0
-2021.0
-2043.0
-2046.0
-2042.0
-2054.0
-2054.0
-2050.0
-2043.0
-2043.0
-2068.0
-2068.0
-2077.0
-2066.0
-2042.0
-2042.0
-2045.0
-2038.0
-2030.0
-2034.0
-2026.0
-1996.0
-1968.0
-1965.0
-1967.0
-1946.0
-1926.0
-1918.0
-1934.0
-1952.0
-1971.0
-1980.0
-1970.0
-1965.0
-1970.0
-1973.0
-1979.0
-1982.0
-1994.0
-2015.0
-2029.0
-2030.0
-2039.0
-2035.0
-2011.0
-1986.0
-1966.0
-1959.0
-1965.0
-1966.0
-1962.0
-1970.0
-1982.0
-1980.0
-1967.0
-1973.0
-1980.0
-1987.0
-1972.0
-1948.0
-1941.0
-1942.0
-1926.0
-1919.0
-1934.0
-1947.0
-1960.0
-1958.0
-1950.0
-1963.0
-1989.0
-2021.0
-2030.0
-2025.0
-2037.0
-2039.0
-2022.0
-2013.0
-2017.0
-2034.0
-2080.0
-2080.0
-2073.0
-2077.0
-2067.0
-2051.0
-1805.0
-1805.0
-2052.0
-2052.0
-2074.0
-2081.0
-2096.0
-2114.0
-2122.0
-2137.0
-2143.0
-2159.0
-2172.0
-2179.0
-2164.0
-2115.0
-2082.0
-2076.0
-2067.0
-2049.0
-2034.0
-2034.0
-2025.0
-2013.0
-1991.0
-1979.0
-1972.0
-1968.0
-1981.0
-1976.0
-1965.0
-1975.0
-1988.0
-1981.0
-1968.0
-1951.0
-1928.0
-1916.0
-1896.0
-1878.0
-1879.0
-1880.0
-1881.0
-1888.0
-1864.0
-1848.0
-1865.0
-1869.0
-1886.0
-1899.0
-1886.0
-1860.0
-1833.0
-1850.0
-1864.0
-1837.0
-1813.0
-1822.0
-1849.0
-1863.0
-1877.0
-1894.0
-1913.0
-1905.0
-1866.0
-1833.0
-1735.0
-1735.0
-1949.0
-1949.0
-2113.0
-2113.0
-2124.0
-2122.0
-2131.0
-2120.0
-2122.0
-2127.0
-2122.0
-2120.0
-2122.0
-2125.0
-2117.0
-2119.0
-2111.0
-2103.0
-2105.0
-2113.0
-2116.0
-2111.0
-2111.0
-2103.0
-2097.0
-2100.0
-2086.0
-2070.0
-2075.0
-2084.0
-2078.0
-2069.0
-2075.0
-2082.0
-2070.0
-2072.0
-2076.0
-2074.0
-2083.0
-2086.0
-2088.0
-2081.0
-2075.0
-2082.0
-2103.0
-2133.0
-2156.0
-2153.0
-2156.0
-2147.0
-2141.0
-2148.0
-2131.0
-2104.0
-2085.0
-2077.0
-2082.0
-2095.0
-2089.0
-2084.0
-2089.0
-2069.0
-2050.0
-2028.0
-2028.0
-2030.0
-2033.0
-2022.0
-2009.0
-1995.0
-1998.0
-2013.0
-2036.0
-2051.0
-2051.0
-2059.0
-2073.0
-2075.0
-2049.0
-2007.0
-2007.0
-1998.0
-1978.0
-1958.0
-1951.0
-1944.0
-1926.0
-1939.0
-1959.0
-1944.0
-1941.0
-1955.0
-1974.0
-1984.0
-1980.0
-1983.0
-1965.0
-1935.0
-1924.0
-1931.0
-1933.0
-1929.0
-1923.0
-1931.0
-1928.0
-1924.0
-1927.0
-1913.0
-1894.0
-1872.0
-1854.0
-1830.0
-1808.0
-1802.0
-1799.0
-1795.0
-1783.0
-1783.0
-1788.0
-1815.0
-1815.0
-1834.0
-1843.0
-1827.0
-1825.0
-1848.0
-1856.0
-1863.0
-1868.0
-1857.0
-1845.0
-1846.0
-1850.0
-1829.0
-1803.0
-1769.0
-1769.0
-1744.0
-1723.0
-1725.0
-1730.0
-1717.0
-1728.0
-1750.0
-1747.0
-1745.0
-1750.0
-1739.0
-1747.0
-1750.0
-1744.0
-1758.0
-1752.0
-1740.0
-1723.0
-1694.0
-1665.0
-1657.0
-1672.0
-1694.0
-1716.0
-1727.0
-1738.0
-1744.0
-1758.0
-1772.0
-1785.0
-1814.0
-1814.0
-1818.0
-1807.0
-1774.0
-1774.0
-1771.0
-1776.0
-1767.0
-1764.0
-1770.0
-1758.0
-1751.0
-1739.0
-1729.0
-1744.0
-1752.0
-1740.0
-1731.0
-1729.0
-1731.0
-1719.0
-1712.0
-1719.0
-1720.0
-1721.0
-1731.0
-1743.0
-1752.0
-1756.0
-1754.0
-1759.0
-1770.0
-1783.0
-1790.0
-1794.0
-1794.0
-1797.0
-1799.0
-1759.0
-1759.0
-1748.0
-1738.0
-1723.0
-1708.0
-1697.0
-1678.0
-1662.0
-1651.0
-1630.0
-1615.0
-1595.0
-1558.0
-1574.0
-1592.0
-1589.0
-1596.0
-1609.0
-1612.0
-1605.0
-1626.0
-1635.0
-1636.0
-1637.0
-1618.0
-1596.0
-1586.0
-1571.0
-1558.0
-1547.0
-1533.0
-1533.0
-1541.0
-1541.0
-1537.0
-1544.0
-1555.0
-1557.0
-1563.0
-1581.0
-1574.0
-1562.0
-1563.0
-1557.0
-1551.0
-1565.0
-1583.0
-1601.0
-1629.0
-1642.0
-1639.0
-1642.0
-1644.0
-1664.0
-1688.0
-1706.0
-1720.0
-1715.0
-1706.0
-1709.0
-1705.0
-1693.0
-1688.0
-1680.0
-1667.0
-1684.0
-1724.0
-1758.0
-1769.0
-1772.0
-1768.0
-1760.0
-1761.0
-1768.0
-1775.0
-1809.0
-1809.0
-1817.0
-1801.0
-1764.0
-1764.0
-1766.0
-1772.0
-1769.0
-1748.0
-1727.0
-1748.0
-1775.0
-1784.0
-1800.0
-1800.0
-1802.0
-1774.0
-1774.0
-1769.0
-1778.0
-1803.0
-1803.0
-1798.0
-1802.0
-1800.0
-1795.0
-1539.0
-1539.0
-1810.0
-1810.0
-1794.0
-1779.0
-1779.0
-1769.0
-1752.0
-1741.0
-1744.0
-1740.0
-1754.0
-1775.0
-1780.0
-1778.0
-1774.0
-1776.0
-1788.0
-1805.0
-1805.0
-1799.0
-1795.0
-1803.0
-1794.0
-1797.0
-1801.0
-1799.0
-1797.0
-1801.0
-1810.0
-1817.0
-1831.0
-1826.0
-1811.0
-1803.0
-1801.0
-1813.0
-1833.0
-1854.0
-1872.0
-1888.0
-1897.0
-1911.0
-1932.0
-1949.0
-1966.0
-1976.0
-1991.0
-2012.0
-2009.0
-2011.0
-2025.0
-2018.0
-2004.0
-1996.0
-1976.0
-1937.0
-1917.0
-1893.0
-1858.0
-1846.0
-1841.0
-1847.0
-1850.0
-1854.0
-1863.0
-1876.0
-1893.0
-1913.0
-1926.0
-1948.0
-1983.0
-2009.0
-2010.0
-1984.0
-1986.0
-2006.0
-2027.0
-2028.0
-1998.0
-2023.0
-2117.0
-2117.0
-2167.0
-2216.0
-2300.0
-2469.0
-2469.0
-2631.0
-2631.0
-2645.0
-2679.0
-2737.0
-2764.0
-2786.0
-2814.0
-2823.0
-2823.0
-2815.0
-2815.0
-2811.0
-3071.0
-3071.0
-2570.0
-2570.0
-2787.0
-2787.0
-2764.0
-2729.0
-2692.0
-2586.0
-2459.0
-2459.0
-2449.0
-2427.0
-2388.0
-2346.0
-2256.0
-2256.0
-2209.0
-2162.0
-2123.0
-2085.0
-2010.0
-2010.0
-2006.0
-1994.0
-1998.0
-1991.0
-1976.0
-1964.0
-1956.0
-1952.0
-1931.0
-1900.0
-1870.0
-1827.0
-1767.0
-1767.0
-1754.0
-1739.0
-1717.0
-1698.0
-1694.0
-1697.0
-1668.0
-1656.0
-1674.0
-1675.0
-1654.0
-1639.0
-1641.0
-1652.0
-1654.0
-1646.0
-1656.0
-1666.0
-1659.0
-1643.0
-1652.0
-1644.0
-1621.0
-1602.0
-1592.0
-1596.0
-1589.0
-1578.0
-1567.0
-1562.0
-1558.0
-1554.0
-1562.0
-1566.0
-1578.0
-1586.0
-1567.0
-1547.0
-1469.0
-1469.0
-1461.0
-1450.0
-1460.0
-1454.0
-1433.0
-1426.0
-1402.0
-1380.0
-1388.0
-1383.0
-1379.0
-1369.0
-1354.0
-1361.0
-1359.0
-1363.0
-1361.0
-1347.0
-1339.0
-1337.0
-1341.0
-1330.0
-1303.0
-1327.0
-1390.0
-1396.0
-1423.0
-1464.0
-1469.0
-1477.0
-1505.0
-1378.0
-1541.0
-1541.0
-1484.0
-1484.0
-1471.0
-1462.0
-1468.0
-1486.0
-1503.0
-1512.0
-1504.0
-1495.0
-1492.0
-1493.0
-1476.0
-1454.0
-1460.0
-1476.0
-1457.0
-1380.0
-1394.0
-1448.0
-1430.0
-1413.0
-1410.0
-1407.0
-1395.0
-1376.0
-1336.0
-1303.0
-1290.0
-1324.0
-1363.0
-1376.0
-1372.0
-1369.0
-1380.0
-1371.0
-1362.0
-1352.0
-1321.0
-1319.0
-1322.0
-1313.0
-1324.0
-1329.0
-1343.0
-1345.0
-1348.0
-1360.0
-1343.0
-1305.0
-1293.0
-1296.0
-1268.0
-1268.0
-1265.0
-1272.0
-1274.0
-1268.0
-1261.0
-1236.0
-1214.0
-1207.0
-1187.0
-1178.0
-1189.0
-1195.0
-1215.0
-1233.0
-1234.0
-1237.0
-1226.0
-1228.0
-1241.0
-1250.0
-1265.0
-1292.0
-1292.0
-1304.0
-1328.0
-1350.0
-1360.0
-1352.0
-1344.0
-1321.0
-1291.0
-1280.0
-1280.0
-1294.0
-1294.0
-1297.0
-1320.0
-1347.0
-1363.0
-1376.0
-1388.0
-1403.0
-1399.0
-1390.0
-1395.0
-1382.0
-1366.0
-1352.0
-1319.0
-1292.0
-1299.0
-1307.0
-1304.0
-1301.0
-1293.0
-1314.0
-1355.0
-1393.0
-1419.0
-1450.0
-1468.0
-1472.0
-1481.0
-1473.0
-1476.0
-1472.0
-1457.0
-1443.0
-1458.0
-1482.0
-1503.0
-1510.0
-1500.0
-1482.0
-1447.0
-1424.0
-1409.0
-1375.0
-1358.0
-1348.0
-1331.0
-1327.0
-1335.0
-1343.0
-1322.0
-1297.0
-1294.0
-1291.0
-1294.0
-1312.0
-1319.0
-1322.0
-1351.0
-1392.0
-1388.0
-1374.0
-1392.0
-1385.0
-1394.0
-1424.0
-1427.0
-1437.0
-1453.0
-1439.0
-1421.0
-1411.0
-1413.0
-1439.0
-1457.0
-1478.0
-1523.0
-1567.0
-1567.0
-1560.0
-1550.0
-1557.0
-1560.0
-1549.0
-1550.0
-1485.0
-1485.0
-1472.0
-1456.0
-1447.0
-1448.0
-1426.0
-1408.0
-1396.0
-1439.0
-1488.0
-1508.0
-1523.0
-1534.0
-1582.0
-1582.0
-1586.0
-1598.0
-1564.0
-1516.0
-1516.0
-1492.0
-1473.0
-1447.0
-1402.0
-1370.0
-1375.0
-1362.0
-1339.0
-1314.0
-1293.0
-1286.0
-1282.0
-1297.0
-1307.0
-1294.0
-1286.0
-1283.0
-1256.0
-1256.0
-1239.0
-1228.0
-1233.0
-1230.0
-1236.0
-1254.0
-1268.0
-1253.0
-1236.0
-1201.0
-1147.0
-1129.0
-1126.0
-1129.0
-1149.0
-1135.0
-1128.0
-1135.0
-1123.0
-1124.0
-1137.0
-1142.0
-1136.0
-1137.0
-1128.0
-1116.0
-1098.0
-1103.0
-1108.0
-1120.0
-1148.0
-1158.0
-1166.0
-1144.0
-1151.0
-1160.0
-1131.0
-1149.0
-1166.0
-1129.0
-1116.0
-1132.0
-1089.0
-1053.0
-1074.0
-1100.0
-1121.0
-1144.0
-1178.0
-1203.0
-1199.0
-1213.0
-1234.0
-1241.0
-1196.0
-1213.0
-1274.0
-1280.0
-1335.0
-1335.0
-1330.0
-1345.0
-1330.0
-1348.0
-1387.0
-1355.0
-1320.0
-1311.0
-1202.0
-1202.0
-1244.0
-1234.0
-1182.0
-1131.0
-1095.0
-1086.0
-1069.0
-1017.0
-1017.0
-1021.0
-1095.0
-1095.0
-1107.0
-1072.0
-1111.0
-1145.0
-1145.0
-1076.0
-1199.0
-904.0
-904.0
-1068.0
-1068.0
-1036.0
-711.0
-711.0
-829.0
-1225.0
-1225.0
-1272.0
-1249.0
-1222.0
-1202.0
-1170.0
-1186.0
-1204.0
-1206.0
-1233.0
-1188.0
-1149.0
-1236.0
-1292.0
-1292.0
-1285.0
-1197.0
-1197.0
-1204.0
-1236.0
-1268.0
-1277.0
-1491.0
-1491.0
-1157.0
-1157.0
-1145.0
-1243.0
-1501.0
-1501.0
-1188.0
-1188.0
-1163.0
-1116.0
-1066.0
-1107.0
-1201.0
-1156.0
-1104.0
-1156.0
-1135.0
-1090.0
-1088.0
-1053.0
-1050.0
-1079.0
-1073.0
-770.0
-770.0
-1222.0
-1222.0
-1201.0
-1233.0
-1261.0
-1147.0
-1191.0
-1064.0
-1483.0
-1483.0
-1215.0
-1215.0
-1233.0
-1135.0
-1151.0
-1201.0
-1275.0
-1526.0
-1526.0
-1179.0
-1179.0
-1141.0
-1167.0
-1202.0
-1192.0
-1196.0
-1191.0
-1168.0
-1142.0
-1116.0
-1108.0
-1152.0
-1202.0
-1188.0
-1165.0
-1148.0
-1112.0
-1100.0
-1107.0
-1119.0
-1124.0
-1093.0
-1050.0
-1040.0
-985.0
-985.0
-995.0
-1015.0
-1016.0
-1010.0
-1043.0
-1043.0
-1054.0
-1098.0
-1111.0
-1086.0
-1095.0
-1128.0
-1126.0
-1109.0
-1095.0
-1078.0
-1074.0
-1088.0
-1071.0
-1029.0
-1030.0
-1055.0
-1080.0
-1084.0
-1052.0
-980.0
-980.0
-967.0
-961.0
-958.0
-980.0
-1000.0
-988.0
-982.0
-987.0
-988.0
-972.0
-998.0
-1054.0
-1054.0
-1033.0
-964.0
-964.0
-948.0
-964.0
-975.0
-969.0
-962.0
-952.0
-972.0
-985.0
-1013.0
-1055.0
-1055.0
-1065.0
-1088.0
-1103.0
-1100.0
-1109.0
-1119.0
-1127.0
-1155.0
-1158.0
-1126.0
-1134.0
-1148.0
-1139.0
-1125.0
-1073.0
-975.0
-975.0
-1008.0
-990.0
-929.0
-899.0
-890.0
-886.0
-894.0
-891.0
-915.0
-924.0
-896.0
-888.0
-908.0
-929.0
-925.0
-908.0
-885.0
-873.0
-865.0
-867.0
-877.0
-901.0
-903.0
-882.0
-878.0
-867.0
-850.0
-828.0
-811.0
-806.0
-797.0
-811.0
-837.0
-859.0
-872.0
-860.0
-857.0
-870.0
-858.0
-843.0
-859.0
-881.0
-905.0
-888.0
-889.0
-908.0
-866.0
-841.0
-851.0
-820.0
-771.0
-729.0
-729.0
-755.0
-831.0
-831.0
-853.0
-830.0
-796.0
-805.0
-823.0
-857.0
-888.0
-911.0
-891.0
-851.0
-875.0
-904.0
-888.0
-876.0
-877.0
-883.0
-906.0
-898.0
-859.0
-846.0
-839.0
-811.0
-783.0
-773.0
-789.0
-794.0
-787.0
-776.0
-770.0
-790.0
-804.0
-791.0
-776.0
-791.0
-813.0
-831.0
-851.0
-882.0
-889.0
-884.0
-889.0
-867.0
-830.0
-805.0
-807.0
-805.0
-813.0
-831.0
-828.0
-836.0
-823.0
-804.0
-817.0
-811.0
-804.0
-812.0
-804.0
-829.0
-844.0
-815.0
-805.0
-794.0
-736.0
-736.0
-768.0
-838.0
-838.0
-877.0
-873.0
-842.0
-783.0
-732.0
-732.0
-755.0
-747.0
-697.0
-742.0
-819.0
-819.0
-807.0
-821.0
-843.0
-826.0
-822.0
-846.0
-857.0
-877.0
-958.0
-978.0
-957.0
-957.0
-671.0
-671.0
-985.0
-985.0
-908.0
-843.0
-861.0
-941.0
-1128.0
-1128.0
-1164.0
-1180.0
-1199.0
-1188.0
-1116.0
-1032.0
-812.0
-812.0
-826.0
-875.0
-891.0
-915.0
-927.0
-812.0
-708.0
-708.0
-911.0
-911.0
-987.0
-991.0
-978.0
-1023.0
-1033.0
-1033.0
-980.0
-980.0
-951.0
-913.0
-931.0
-978.0
-1000.0
-991.0
-988.0
-1017.0
-1103.0
-1103.0
-1157.0
-1186.0
-1195.0
-1184.0
-1166.0
-1168.0
-1174.0
-1170.0
-1174.0
-1140.0
-1070.0
-903.0
-903.0
-878.0
-892.0
-921.0
-931.0
-923.0
-937.0
-972.0
-1011.0
-1074.0
-1074.0
-1096.0
-1077.0
-1097.0
-1136.0
-1126.0
-1065.0
-1030.0
-969.0
-969.0
-954.0
-960.0
-968.0
-971.0
-964.0
-976.0
-985.0
-999.0
-1042.0
-1042.0
-1038.0
-1042.0
-1031.0
-1034.0
-1032.0
-985.0
-985.0
-963.0
-927.0
-875.0
-835.0
-825.0
-828.0
-831.0
-838.0
-847.0
-851.0
-830.0
-781.0
-710.0
-710.0
-715.0
-719.0
-721.0
-711.0
-697.0
-671.0
-647.0
-626.0
-619.0
-642.0
-670.0
-673.0
-677.0
-682.0
-674.0
-647.0
-627.0
-630.0
-622.0
-615.0
-608.0
-639.0
-671.0
-655.0
-650.0
-669.0
-687.0
-704.0
-712.0
-704.0
-674.0
-682.0
-709.0
-689.0
-676.0
-687.0
-694.0
-703.0
-715.0
-728.0
-734.0
-720.0
-703.0
-686.0
-665.0
-650.0
-653.0
-662.0
-660.0
-661.0
-666.0
-680.0
-687.0
-696.0
-710.0
-711.0
-712.0
-708.0
-717.0
-728.0
-717.0
-709.0
-688.0
-669.0
-658.0
-648.0
-655.0
-669.0
-663.0
-648.0
-641.0
-664.0
-676.0
-647.0
-632.0
-648.0
-678.0
-701.0
-718.0
-723.0
-704.0
-720.0
-742.0
-743.0
-754.0
-778.0
-778.0
-784.0
-789.0
-786.0
-779.0
-773.0
-720.0
-720.0
-814.0
-814.0
-812.0
-826.0
-838.0
-836.0
-847.0
-865.0
-866.0
-875.0
-872.0
-820.0
-760.0
-760.0
-768.0
-798.0
-798.0
-800.0
-798.0
-773.0
-538.0
-538.0
-791.0
-791.0
-787.0
-779.0
-734.0
-734.0
-710.0
-671.0
-657.0
-676.0
-671.0
-653.0
-641.0
-637.0
-641.0
-646.0
-658.0
-664.0
-671.0
-681.0
-677.0
-671.0
-654.0
-645.0
-653.0
-650.0
-642.0
-645.0
-656.0
-665.0
-679.0
-681.0
-666.0
-639.0
-618.0
-626.0
-648.0
-669.0
-671.0
-650.0
-630.0
-627.0
-646.0
-657.0
-649.0
-651.0
-658.0
-660.0
-653.0
-648.0
-658.0
-670.0
-684.0
-693.0
-686.0
-689.0
-696.0
-686.0
-673.0
-674.0
-684.0
-694.0
-689.0
-702.0
-712.0
-705.0
-723.0
-728.0
-715.0
-703.0
-687.0
-717.0
-734.0
-715.0
-688.0
-637.0
-601.0
-609.0
-648.0
-666.0
-678.0
-689.0
-653.0
-650.0
-723.0
-764.0
-755.0
-752.0
-748.0
-755.0
-749.0
-725.0
-719.0
-724.0
-717.0
-715.0
-711.0
-716.0
-747.0
-791.0
-791.0
-802.0
-811.0
-809.0
-810.0
-825.0
-842.0
-852.0
-849.0
-843.0
-857.0
-872.0
-862.0
-845.0
-823.0
-787.0
-741.0
-741.0
-748.0
-741.0
-732.0
-742.0
-754.0
-758.0
-747.0
-755.0
-778.0
-778.0
-774.0
-771.0
-775.0
-779.0
-784.0
-813.0
-845.0
-865.0
-868.0
-875.0
-878.0
-845.0
-841.0
-870.0
-862.0
-822.0
-809.0
-838.0
-873.0
-884.0
-901.0
-915.0
-903.0
-905.0
-881.0
-888.0
-913.0
-900.0
-885.0
-880.0
-876.0
-873.0
-847.0
-815.0
-819.0
-835.0
-858.0
-860.0
-842.0
-845.0
-856.0
-873.0
-885.0
-891.0
-886.0
-891.0
-899.0
-893.0
-901.0
-907.0
-905.0
-908.0
-893.0
-891.0
-900.0
-894.0
-909.0
-938.0
-953.0
-949.0
-939.0
-922.0
-911.0
-906.0
-903.0
-915.0
-920.0
-913.0
-927.0
-929.0
-903.0
-881.0
-885.0
-886.0
-880.0
-881.0
-864.0
-837.0
-803.0
-792.0
-805.0
-812.0
-820.0
-809.0
-788.0
-776.0
-770.0
-755.0
-755.0
-759.0
-799.0
-799.0
-826.0
-844.0
-849.0
-852.0
-845.0
-838.0
-830.0
-823.0
-812.0
-810.0
-831.0
-847.0
-861.0
-874.0
-867.0
-878.0
-953.0
-962.0
-931.0
-954.0
-960.0
-937.0
-908.0
-894.0
-876.0
-857.0
-841.0
-820.0
-813.0
-823.0
-823.0
-803.0
-784.0
-796.0
-820.0
-856.0
-891.0
-908.0
-916.0
-928.0
-920.0
-911.0
-922.0
-928.0
-935.0
-928.0
-899.0
-877.0
-866.0
-850.0
-831.0
-838.0
-850.0
-839.0
-829.0
-823.0
-828.0
-838.0
-850.0
-858.0
-866.0
-835.0
-823.0
-859.0
-893.0
-906.0
-904.0
-930.0
-933.0
-909.0
-889.0
-875.0
-876.0
-861.0
-847.0
-843.0
-827.0
-814.0
-797.0
-794.0
-806.0
-823.0
-844.0
-834.0
-829.0
-841.0
-862.0
-867.0
-844.0
-820.0
-812.0
-822.0
-826.0
-830.0
-836.0
-845.0
-858.0
-864.0
-852.0
-833.0
-817.0
-799.0
-783.0
-779.0
-781.0
-798.0
-819.0
-838.0
-849.0
-839.0
-830.0
-843.0
-873.0
-885.0
-896.0
-890.0
-875.0
-881.0
-885.0
-881.0
-864.0
-846.0
-844.0
-838.0
-827.0
-818.0
-806.0
-796.0
-789.0
-786.0
-775.0
-760.0
-760.0
-762.0
-745.0
-733.0
-726.0
-723.0
-727.0
-732.0
-745.0
-739.0
-729.0
-727.0
-719.0
-716.0
-713.0
-707.0
-703.0
-697.0
-708.0
-718.0
-734.0
-764.0
-781.0
-781.0
-786.0
-787.0
-784.0
-743.0
-743.0
-721.0
-703.0
-682.0
-665.0
-643.0
-641.0
-661.0
-670.0
-672.0
-670.0
-678.0
-689.0
-700.0
-724.0
-733.0
-716.0
-705.0
-682.0
-662.0
-668.0
-664.0
-658.0
-660.0
-670.0
-666.0
-669.0
-685.0
-689.0
-676.0
-666.0
-668.0
-647.0
-619.0
-610.0
-619.0
-624.0
-631.0
-615.0
-586.0
-567.0
-558.0
-572.0
-580.0
-591.0
-617.0
-603.0
-575.0
-578.0
-595.0
-621.0
-629.0
-635.0
-653.0
-673.0
-707.0
-715.0
-690.0
-669.0
-670.0
-692.0
-697.0
-692.0
-696.0
-686.0
-697.0
-702.0
-695.0
-712.0
-747.0
-831.0
-831.0
-856.0
-859.0
-846.0
-842.0
-880.0
-900.0
-896.0
-903.0
-892.0
-896.0
-899.0
-890.0
-897.0
-912.0
-922.0
-928.0
-937.0
-941.0
-936.0
-933.0
-935.0
-936.0
-946.0
-955.0
-961.0
-966.0
-954.0
-943.0
-929.0
-927.0
-941.0
-944.0
-930.0
-896.0
-859.0
-860.0
-872.0
-877.0
-884.0
-896.0
-921.0
-940.0
-947.0
-943.0
-933.0
-922.0
-913.0
-905.0
-900.0
-912.0
-922.0
-947.0
-990.0
-1007.0
-999.0
-1003.0
-1062.0
-1062.0
-1071.0
-1064.0
-1049.0
-1054.0
-1063.0
-1071.0
-1069.0
-1072.0
-1085.0
-1088.0
-1082.0
-1071.0
-1065.0
-1080.0
-1097.0
-1098.0
-1110.0
-1125.0
-1118.0
-1100.0
-1109.0
-1104.0
-1084.0
-1081.0
-1068.0
-1048.0
-1025.0
-984.0
-984.0
-980.0
-988.0
-994.0
-991.0
-980.0
-962.0
-937.0
-915.0
-894.0
-861.0
-846.0
-828.0
-806.0
-788.0
-774.0
-743.0
-743.0
-727.0
-715.0
-705.0
-711.0
-721.0
-723.0
-725.0
-743.0
-790.0
-790.0
-800.0
-802.0
-789.0
-778.0
-771.0
-520.0
-520.0
-783.0
-783.0
-791.0
-796.0
-735.0
-735.0
-686.0
-673.0
-729.0
-701.0
-635.0
-610.0
-613.0
-619.0
-613.0
-616.0
-603.0
-601.0
-606.0
-601.0
-625.0
-649.0
-654.0
-651.0
-679.0
-697.0
-689.0
-704.0
-718.0
-704.0
-700.0
-713.0
-742.0
-755.0
-743.0
-750.0
-742.0
-740.0
-752.0
-740.0
-737.0
-747.0
-742.0
-732.0
-711.0
-681.0
-669.0
-685.0
-702.0
-697.0
-709.0
-737.0
-752.0
-762.0
-767.0
-764.0
-781.0
-781.0
-789.0
-806.0
-821.0
-815.0
-806.0
-804.0
-799.0
-786.0
-752.0
-752.0
-749.0
-750.0
-741.0
-731.0
-717.0
-705.0
-709.0
-734.0
-765.0
-858.0
-858.0
-916.0
-970.0
-1024.0
-1077.0
-1077.0
-1131.0
-1178.0
-1231.0
-1254.0
-1313.0
-1313.0
-1332.0
-1370.0
-1396.0
-1443.0
-1497.0
-1580.0
-1580.0
-1631.0
-1701.0
-1731.0
-1752.0
-1792.0
-1827.0
-1827.0
-1822.0
-1824.0
-1835.0
-1827.0
-1755.0
-1755.0
-1732.0
-1676.0
-1618.0
-1573.0
-1562.0
-1545.0
-1476.0
-1476.0
-1431.0
-1394.0
-1347.0
-1296.0
-1186.0
-1186.0
-1132.0
-1090.0
-1057.0
-1030.0
-784.0
-784.0
-1047.0
-1047.0
-1037.0
-1001.0
-1001.0
-967.0
-951.0
-954.0
-944.0
-939.0
-946.0
-949.0
-945.0
-951.0
-953.0
-975.0
-1013.0
-1246.0
-1246.0
-807.0
-807.0
-817.0
-799.0
-780.0
-767.0
-767.0
-778.0
-778.0
-781.0
-771.0
-766.0
-766.0
-783.0
-783.0
-792.0
-781.0
-771.0
-758.0
-758.0
-748.0
-735.0
-739.0
-740.0
-734.0
-716.0
-698.0
-705.0
-703.0
-700.0
-693.0
-704.0
-718.0
-711.0
-728.0
-755.0
-764.0
-786.0
-786.0
-800.0
-815.0
-817.0
-813.0
-802.0
-776.0
-755.0
-755.0
-721.0
-682.0
-692.0
-688.0
-658.0
-677.0
-695.0
-658.0
-626.0
-613.0
-603.0
-609.0
-607.0
-603.0
-586.0
-570.0
-554.0
-524.0
-462.0
-462.0
-437.0
-430.0
-436.0
-420.0
-403.0
-395.0
-402.0
-404.0
-405.0
-418.0
-430.0
-436.0
-431.0
-439.0
-446.0
-460.0
-478.0
-491.0
-493.0
-496.0
-493.0
-478.0
-470.0
-464.0
-457.0
-454.0
-444.0
-439.0
-435.0
-446.0
-473.0
-488.0
-491.0
-478.0
-464.0
-468.0
-488.0
-497.0
-488.0
-477.0
-470.0
-472.0
-477.0
-485.0
-489.0
-483.0
-477.0
-483.0
-478.0
-452.0
-430.0
-406.0
-396.0
-445.0
-477.0
-472.0
-459.0
-445.0
-449.0
-466.0
-473.0
-455.0
-453.0
-490.0
-541.0
-541.0
-545.0
-564.0
-572.0
-579.0
-593.0
-601.0
-606.0
-613.0
-605.0
-593.0
-582.0
-574.0
-564.0
-545.0
-528.0
-524.0
-536.0
-548.0
-553.0
-559.0
-570.0
-582.0
-594.0
-607.0
-605.0
-585.0
-560.0
-535.0
-521.0
-524.0
-533.0
-535.0
-537.0
-551.0
-563.0
-559.0
-561.0
-566.0
-552.0
-548.0
-544.0
-535.0
-543.0
-539.0
-519.0
-508.0
-508.0
-509.0
-764.0
-764.0
-484.0
-484.0
-511.0
-490.0
-464.0
-480.0
-486.0
-594.0
-594.0
-617.0
-591.0
-572.0
-559.0
-561.0
-572.0
-590.0
-587.0
-570.0
-556.0
-533.0
-502.0
-502.0
-511.0
-497.0
-486.0
-472.0
-466.0
-488.0
-482.0
-477.0
-461.0
-443.0
-445.0
-418.0
-384.0
-340.0
-324.0
-336.0
-333.0
-348.0
-352.0
-357.0
-366.0
-363.0
-355.0
-363.0
-400.0
-447.0
-484.0
-493.0
-453.0
-383.0
-334.0
-386.0
-437.0
-407.0
-367.0
-364.0
-383.0
-376.0
-381.0
-362.0
-315.0
-16.0
-16.0
-288.0
-288.0
-262.0
-211.0
-211.0
-185.0
-144.0
-202.0
-339.0
-339.0
-262.0
-257.0
-363.0
-367.0
-342.0
-340.0
-358.0
-380.0
-315.0
-321.0
-363.0
-334.0
-342.0
-364.0
-378.0
-357.0
-273.0
-36.0
-36.0
-375.0
-375.0
-455.0
-446.0
-423.0
-318.0
-335.0
-336.0
-285.0
-316.0
-25.0
-25.0
-366.0
-366.0
-319.0
-438.0
-476.0
-396.0
-321.0
-293.0
-356.0
-382.0
-356.0
-331.0
-310.0
-308.0
-345.0
-375.0
-387.0
-337.0
-351.0
-382.0
-374.0
-414.0
-444.0
-439.0
-454.0
-415.0
-490.0
-397.0
-600.0
-600.0
-564.0
-603.0
-622.0
-572.0
-540.0
-513.0
-477.0
-477.0
-494.0
-494.0
-554.0
-554.0
-564.0
-572.0
-603.0
-624.0
-625.0
-643.0
-641.0
-642.0
-630.0
-642.0
-698.0
-702.0
-648.0
-630.0
-640.0
-579.0
-543.0
-547.0
-540.0
-533.0
-538.0
-570.0
-593.0
-577.0
-540.0
-476.0
-476.0
-634.0
-634.0
-664.0
-669.0
-684.0
-728.0
-743.0
-723.0
-687.0
-650.0
-646.0
-566.0
-281.0
-281.0
-693.0
-693.0
-277.0
-277.0
-745.0
-745.0
-481.0
-481.0
-476.0
-710.0
-710.0
-724.0
-729.0
-713.0
-842.0
-842.0
-725.0
-725.0
-653.0
-634.0
-749.0
-758.0
-686.0
-700.0
-767.0
-1013.0
-1013.0
-709.0
-709.0
-686.0
-592.0
-315.0
-315.0
-601.0
-601.0
-553.0
-553.0
-713.0
-713.0
-680.0
-678.0
-650.0
-623.0
-648.0
-657.0
-610.0
-527.0
-535.0
-593.0
-575.0
-593.0
-562.0
-517.0
-537.0
-485.0
-485.0
-483.0
-466.0
-436.0
-417.0
-398.0
-388.0
-390.0
-359.0
-335.0
-328.0
-312.0
-292.0
-293.0
-290.0
-297.0
-318.0
-343.0
-362.0
-353.0
-340.0
-342.0
-347.0
-343.0
-384.0
-413.0
-378.0
-372.0
-398.0
-370.0
-316.0
-295.0
-282.0
-269.0
-271.0
-280.0
-297.0
-318.0
-315.0
-310.0
-298.0
-264.0
-211.0
-211.0
-213.0
-215.0
-186.0
-167.0
-169.0
-160.0
-164.0
-161.0
-163.0
-176.0
-166.0
-128.0
-116.0
-132.0
-145.0
-180.0
-201.0
-198.0
-204.0
-207.0
-184.0
-175.0
-200.0
-196.0
-178.0
-193.0
-211.0
-221.0
-249.0
-286.0
-286.0
-276.0
-282.0
-270.0
-240.0
-240.0
-242.0
-237.0
-249.0
-323.0
-323.0
-333.0
-343.0
-356.0
-358.0
-356.0
-326.0
-290.0
-301.0
-311.0
-285.0
-262.0
-243.0
-243.0
-237.0
-209.0
-171.0
-157.0
-172.0
-196.0
-172.0
-135.0
-130.0
-151.0
-177.0
-175.0
-164.0
-168.0
-182.0
-200.0
-186.0
-154.0
-139.0
-174.0
-201.0
-195.0
-209.0
-223.0
-225.0
-254.0
-294.0
-294.0
-277.0
-262.0
-5.0
-5.0
-298.0
-298.0
-316.0
-311.0
-309.0
-320.0
-312.0
-304.0
-306.0
-318.0
-326.0
-364.0
-398.0
-379.0
-360.0
-329.0
-315.0
-329.0
-335.0
-326.0
-308.0
-294.0
-289.0
-301.0
-317.0
-335.0
-362.0
-384.0
-392.0
-387.0
-388.0
-386.0
-375.0
-359.0
-350.0
-341.0
-320.0
-308.0
-300.0
-290.0
-284.0
-266.0
-257.0
-272.0
-276.0
-265.0
-262.0
-272.0
-265.0
-247.0
-247.0
-235.0
-218.0
-223.0
-230.0
-233.0
-246.0
-250.0
-243.0
-250.0
-251.0
-253.0
-239.0
-219.0
-217.0
-227.0
-233.0
-222.0
-223.0
-219.0
-201.0
-152.0
-109.0
-92.0
-75.0
-85.0
-90.0
-80.0
-76.0
-86.0
-92.0
-80.0
-64.0
-41.0
-28.0
-22.0
-42.0
-74.0
-99.0
-111.0
-112.0
-113.0
-116.0
-121.0
-115.0
-105.0
-107.0
-130.0
-132.0
-127.0
-131.0
-108.0
-91.0
-98.0
-105.0
-81.0
-73.0
-84.0
-66.0
-54.0
-68.0
-50.0
-45.0
-68.0
-53.0
-58.0
-86.0
-99.0
-90.0
-84.0
-81.0
-67.0
-73.0
-93.0
-121.0
-144.0
-145.0
-129.0
-120.0
-132.0
-139.0
-141.0
-133.0
-123.0
-136.0
-149.0
-163.0
-178.0
-154.0
-123.0
-125.0
-140.0
-141.0
-136.0
-128.0
-132.0
-143.0
-131.0
-123.0
-129.0
-127.0
-135.0
-152.0
-144.0
-139.0
-144.0
-149.0
-163.0
-170.0
-166.0
-149.0
-136.0
-131.0
-114.0
-94.0
-99.0
-129.0
-135.0
-116.0
-172.0
-238.0
-215.0
-194.0
-195.0
-169.0
-152.0
-146.0
-138.0
-120.0
-89.0
-70.0
-83.0
-86.0
-81.0
-97.0
-102.0
-98.0
-102.0
-109.0
-128.0
-130.0
-139.0
-163.0
-186.0
-204.0
-224.0
-234.0
-213.0
-198.0
-186.0
-171.0
-145.0
-125.0
-131.0
-140.0
-147.0
-160.0
-168.0
-161.0
-154.0
-148.0
-166.0
-161.0
-151.0
-170.0
-157.0
-139.0
-136.0
-145.0
-149.0
-113.0
-101.0
-146.0
-163.0
-157.0
-169.0
-172.0
-170.0
-172.0
-177.0
-183.0
-199.0
-221.0
-235.0
-241.0
-237.0
-240.0
-247.0
-249.0
-266.0
-266.0
-269.0
-289.0
-308.0
-310.0
-334.0
-363.0
-358.0
-355.0
-351.0
-334.0
-343.0
-356.0
-366.0
-368.0
-355.0
-362.0
-359.0
-337.0
-323.0
-335.0
-347.0
-353.0
-344.0
-348.0
-331.0
-326.0
-347.0
-342.0
-344.0
-351.0
-356.0
-368.0
-386.0
-388.0
-380.0
-359.0
-363.0
-375.0
-371.0
-386.0
-380.0
-381.0
-374.0
-366.0
-375.0
-379.0
-381.0
-386.0
-373.0
-368.0
-355.0
-332.0
-355.0
-379.0
-384.0
-390.0
-396.0
-406.0
-400.0
-380.0
-355.0
-360.0
-383.0
-376.0
-351.0
-333.0
-324.0
-328.0
-329.0
-308.0
-286.0
-282.0
-286.0
-290.0
-288.0
-280.0
-278.0
-280.0
-278.0
-285.0
-268.0
-8.0
-8.0
-261.0
-261.0
-225.0
-225.0
-237.0
-245.0
-242.0
-254.0
-268.0
-268.0
-261.0
-231.0
-231.0
-235.0
-223.0
-200.0
-207.0
-199.0
-188.0
-195.0
-208.0
-225.0
-222.0
-226.0
-241.0
-254.0
-242.0
-222.0
-213.0
-214.0
-215.0
-211.0
-207.0
-202.0
-196.0
-186.0
-188.0
-176.0
-170.0
-187.0
-192.0
-196.0
-204.0
-215.0
-223.0
-217.0
-211.0
-198.0
-184.0
-168.0
-161.0
-149.0
-135.0
-131.0
-124.0
-116.0
-114.0
-120.0
-116.0
-88.0
-62.0
-57.0
-65.0
-70.0
-73.0
-76.0
-77.0
-89.0
-113.0
-141.0
-146.0
-137.0
-152.0
-156.0
-144.0
-137.0
-124.0
-101.0
-84.0
-75.0
-83.0
-85.0
-72.0
-57.0
-36.0
-27.0
-36.0
-53.0
-68.0
-64.0
-60.0
-42.0
-35.0
-50.0
-67.0
-86.0
-99.0
-106.0
-117.0
-128.0
-109.0
-104.0
-97.0
-81.0
-77.0
-75.0
-66.0
-68.0
-76.0
-73.0
-80.0
-93.0
-108.0
-131.0
-155.0
-168.0
-159.0
-167.0
-175.0
-179.0
-191.0
-192.0
-179.0
-164.0
-166.0
-161.0
-154.0
-146.0
-135.0
-139.0
-127.0
-116.0
-120.0
-113.0
-128.0
-141.0
-138.0
-144.0
-154.0
-169.0
-191.0
-202.0
-196.0
-210.0
-214.0
-208.0
-222.0
-210.0
-195.0
-190.0
-185.0
-198.0
-218.0
-235.0
-249.0
-506.0
-506.0
-208.0
-208.0
-185.0
-155.0
-167.0
-178.0
-186.0
-199.0
-209.0
-234.0
-280.0
-280.0
-271.0
-273.0
-270.0
-264.0
-260.0
-239.0
-239.0
-242.0
-254.0
-282.0
-282.0
-284.0
-295.0
-312.0
-320.0
-335.0
-351.0
-356.0
-367.0
-373.0
-375.0
-382.0
-384.0
-374.0
-379.0
-392.0
-402.0
-397.0
-388.0
-376.0
-360.0
-366.0
-371.0
-362.0
-371.0
-384.0
-409.0
-481.0
-621.0
-621.0
-701.0
-766.0
-937.0
-937.0
-993.0
-1145.0
-1145.0
-1197.0
-1237.0
-1276.0
-1313.0
-1313.0
-1284.0
-1265.0
-1265.0
-1234.0
-1194.0
-1151.0
-1088.0
-944.0
-944.0
-885.0
-834.0
-797.0
-724.0
-724.0
-681.0
-650.0
-635.0
-621.0
-584.0
-541.0
-488.0
-488.0
-468.0
-458.0
-451.0
-431.0
