-100.0
-96.0
-145.0
-194.0
-140.0
-120.0
-155.0
-161.0
-147.0
-123.0
-179.0
-216.0
-182.0
-152.0
-178.0
-215.0
-239.0
-246.0
-254.0
-241.0
-171.0
-154.0
-186.0
-240.0
-490.0
-490.0
-218.0
-218.0
-155.0
-183.0
-230.0
-237.0
-247.0
-198.0
-249.0
-502.0
-502.0
-320.0
-320.0
-352.0
-317.0
-335.0
-359.0
-312.0
-327.0
-335.0
-270.0
-305.0
-359.0
-325.0
-333.0
-391.0
-418.0
-395.0
-323.0
-269.0
-339.0
-402.0
-397.0
-380.0
-333.0
-305.0
-306.0
-268.0
-255.0
-255.0
-226.0
-200.0
-202.0
-200.0
-231.0
-254.0
-209.0
-226.0
-247.0
-227.0
-233.0
-225.0
-237.0
-241.0
-194.0
-201.0
-199.0
-175.0
-170.0
-182.0
-247.0
-479.0
-479.0
-238.0
-238.0
-278.0
-278.0
-281.0
-312.0
-306.0
-301.0
-325.0
-343.0
-305.0
-306.0
-328.0
-321.0
-341.0
-362.0
-366.0
-342.0
-348.0
-382.0
-395.0
-345.0
-341.0
-397.0
-343.0
-326.0
-350.0
-316.0
-293.0
-287.0
-271.0
-231.0
-231.0
-177.0
-132.0
-116.0
-77.0
-46.0
-29.0
-6.0
13.0
13.0
-253.0
-253.0
-35.0
-35.0
-43.0
-50.0
-30.0
24.0
24.0
34.0
38.0
35.0
17.0
19.0
12.0
-39.0
-39.0
-69.0
-85.0
-102.0
-111.0
-119.0
-107.0
-85.0
-68.0
-47.0
-38.0
-42.0
-37.0
-45.0
-41.0
-44.0
-42.0
-21.0
-41.0
-69.0
-57.0
-53.0
-49.0
-44.0
-49.0
-52.0
-60.0
-57.0
-62.0
-75.0
-88.0
-96.0
-72.0
-47.0
-59.0
-91.0
-107.0
-100.0
-97.0
-69.0
-60.0
-74.0
-88.0
-106.0
-124.0
-137.0
-121.0
-100.0
-98.0
-104.0
-113.0
-140.0
-168.0
-198.0
-227.0
-302.0
-302.0
-358.0
-396.0
-441.0
-625.0
-625.0
-677.0
-731.0
-742.0
-702.0
-735.0
-768.0
-727.0
-637.0
-564.0
-553.0
-544.0
-413.0
-413.0
-355.0
-287.0
-184.0
-184.0
-190.0
-127.0
-82.0
-44.0
251.0
251.0
-235.0
-235.0
106.0
106.0
147.0
176.0
163.0
146.0
105.0
100.0
108.0
91.0
71.0
40.0
80.0
100.0
49.0
20.0
6.0
3.0
29.0
37.0
50.0
81.0
118.0
106.0
65.0
93.0
147.0
155.0
138.0
149.0
170.0
199.0
177.0
112.0
121.0
134.0
130.0
202.0
254.0
245.0
193.0
163.0
160.0
174.0
177.0
159.0
169.0
174.0
189.0
157.0
127.0
147.0
174.0
160.0
85.0
56.0
107.0
103.0
75.0
106.0
123.0
129.0
105.0
126.0
118.0
88.0
96.0
75.0
73.0
67.0
43.0
1.0
-77.0
-77.0
-105.0
-123.0
-127.0
-73.0
-28.0
3.0
3.0
-36.0
-36.0
68.0
68.0
48.0
19.0
-54.0
-54.0
-31.0
63.0
63.0
68.0
55.0
60.0
84.0
119.0
130.0
138.0
146.0
151.0
88.0
67.0
88.0
74.0
106.0
113.0
103.0
110.0
91.0
95.0
76.0
38.0
73.0
77.0
35.0
38.0
48.0
60.0
64.0
74.0
38.0
12.0
3.0
-250.0
-250.0
14.0
14.0
1.0
6.0
16.0
30.0
27.0
-255.0
-255.0
222.0
222.0
-70.0
-70.0
-59.0
-36.0
-30.0
-18.0
32.0
32.0
8.0
-256.0
-256.0
35.0
35.0
-244.0
-244.0
50.0
50.0
72.0
82.0
53.0
75.0
85.0
81.0
80.0
35.0
33.0
82.0
95.0
65.0
75.0
95.0
87.0
93.0
119.0
82.0
10.0
1.0
-26.0
-26.0
-13.0
26.0
26.0
33.0
41.0
53.0
83.0
106.0
108.0
74.0
69.0
85.0
82.0
90.0
113.0
155.0
153.0
152.0
151.0
139.0
169.0
184.0
146.0
123.0
138.0
179.0
150.0
91.0
111.0
135.0
151.0
157.0
137.0
160.0
187.0
179.0
149.0
127.0
131.0
103.0
107.0
96.0
63.0
80.0
108.0
136.0
134.0
75.0
63.0
110.0
143.0
137.0
162.0
181.0
149.0
159.0
186.0
168.0
175.0
255.0
249.0
184.0
179.0
191.0
231.0
230.0
174.0
159.0
185.0
217.0
194.0
154.0
206.0
259.0
259.0
196.0
196.0
209.0
222.0
249.0
303.0
303.0
314.0
295.0
284.0
331.0
308.0
275.0
242.0
242.0
239.0
237.0
268.0
268.0
264.0
259.0
268.0
283.0
288.0
279.0
285.0
298.0
317.0
296.0
238.0
238.0
303.0
303.0
294.0
307.0
275.0
257.0
275.0
287.0
284.0
3.0
3.0
278.0
278.0
7.0
7.0
501.0
501.0
229.0
229.0
288.0
288.0
293.0
289.0
284.0
286.0
278.0
300.0
299.0
283.0
309.0
339.0
312.0
206.0
206.0
205.0
221.0
214.0
198.0
206.0
225.0
244.0
354.0
354.0
348.0
377.0
394.0
366.0
393.0
456.0
460.0
404.0
367.0
371.0
413.0
435.0
358.0
257.0
248.0
248.0
199.0
102.0
132.0
154.0
139.0
74.0
68.0
113.0
160.0
205.0
218.0
247.0
269.0
269.0
191.0
191.0
222.0
325.0
325.0
298.0
55.0
55.0
422.0
422.0
393.0
442.0
430.0
445.0
461.0
414.0
421.0
427.0
445.0
457.0
405.0
403.0
416.0
394.0
361.0
356.0
340.0
401.0
417.0
370.0
385.0
349.0
291.0
317.0
385.0
378.0
342.0
306.0
216.0
216.0
230.0
178.0
241.0
252.0
153.0
129.0
153.0
212.0
192.0
155.0
177.0
145.0
118.0
95.0
100.0
173.0
207.0
116.0
88.0
126.0
114.0
119.0
105.0
47.0
32.0
58.0
114.0
87.0
14.0
50.0
89.0
138.0
82.0
40.0
73.0
26.0
35.0
64.0
40.0
60.0
110.0
207.0
110.0
233.0
44.0
44.0
76.0
100.0
85.0
63.0
77.0
53.0
21.0
40.0
87.0
108.0
112.0
140.0
124.0
129.0
176.0
157.0
110.0
100.0
145.0
177.0
103.0
72.0
63.0
-214.0
-214.0
12.0
12.0
-75.0
-75.0
-53.0
-6.0
116.0
116.0
111.0
59.0
97.0
64.0
66.0
136.0
176.0
157.0
100.0
145.0
194.0
159.0
146.0
132.0
112.0
74.0
66.0
48.0
24.0
58.0
21.0
41.0
52.0
-226.0
-226.0
61.0
61.0
60.0
45.0
25.0
41.0
106.0
138.0
91.0
83.0
135.0
159.0
132.0
105.0
69.0
50.0
63.0
85.0
98.0
37.0
-209.0
-209.0
244.0
244.0
99.0
99.0
130.0
102.0
11.0
-215.0
-215.0
74.0
74.0
29.0
33.0
27.0
72.0
123.0
110.0
47.0
24.0
65.0
90.0
20.0
17.0
93.0
106.0
144.0
79.0
6.0
60.0
99.0
134.0
136.0
100.0
73.0
87.0
35.0
-7.0
-7.0
90.0
90.0
106.0
55.0
65.0
99.0
114.0
182.0
176.0
146.0
155.0
184.0
226.0
166.0
183.0
246.0
187.0
138.0
122.0
105.0
140.0
160.0
104.0
27.0
-72.0
-72.0
38.0
38.0
-244.0
-244.0
34.0
34.0
72.0
96.0
89.0
66.0
111.0
120.0
14.0
3.0
93.0
76.0
82.0
159.0
89.0
-244.0
-244.0
18.0
18.0
32.0
11.0
-46.0
-46.0
8.0
8.0
-8.0
-8.0
26.0
26.0
55.0
-105.0
-105.0
-84.0
-35.0
33.0
33.0
44.0
-60.0
-60.0
-19.0
241.0
241.0
-228.0
-228.0
-35.0
-35.0
-33.0
-50.0
-34.0
-12.0
-5.0
100.0
100.0
49.0
-252.0
-252.0
38.0
38.0
27.0
81.0
200.0
110.0
-252.0
-252.0
-244.0
-244.0
129.0
129.0
82.0
-36.0
-36.0
63.0
63.0
153.0
198.0
88.0
-228.0
-228.0
120.0
120.0
102.0
119.0
118.0
90.0
92.0
79.0
93.0
79.0
106.0
93.0
-248.0
-248.0
48.0
48.0
60.0
105.0
118.0
45.0
11.0
83.0
170.0
190.0
196.0
189.0
201.0
494.0
494.0
197.0
197.0
200.0
228.0
240.0
455.0
455.0
183.0
183.0
151.0
161.0
217.0
184.0
177.0
231.0
471.0
471.0
182.0
182.0
196.0
228.0
442.0
442.0
167.0
167.0
182.0
193.0
179.0
184.0
208.0
253.0
208.0
140.0
217.0
228.0
155.0
196.0
254.0
256.0
256.0
177.0
177.0
190.0
182.0
223.0
293.0
293.0
197.0
197.0
214.0
134.0
102.0
118.0
174.0
205.0
151.0
92.0
75.0
83.0
87.0
118.0
129.0
115.0
123.0
118.0
92.0
73.0
68.0
56.0
42.0
38.0
30.0
38.0
58.0
61.0
38.0
63.0
98.0
114.0
168.0
215.0
224.0
229.0
247.0
254.0
239.0
244.0
299.0
299.0
323.0
370.0
389.0
383.0
379.0
394.0
400.0
410.0
396.0
362.0
359.0
378.0
388.0
383.0
375.0
373.0
353.0
334.0
330.0
339.0
365.0
354.0
330.0
312.0
324.0
357.0
373.0
386.0
402.0
397.0
389.0
386.0
388.0
393.0
385.0
380.0
377.0
366.0
361.0
367.0
389.0
395.0
387.0
385.0
370.0
340.0
304.0
271.0
202.0
202.0
185.0
170.0
103.0
9.0
-143.0
-143.0
-230.0
-411.0
-411.0
-491.0
-631.0
-631.0
-708.0
-755.0
-806.0
-806.0
-821.0
-870.0
-854.0
-807.0
-637.0
-637.0
-598.0
-541.0
-390.0
-390.0
-370.0
-335.0
-263.0
-152.0
-152.0
-65.0
90.0
90.0
97.0
57.0
-242.0
-242.0
134.0
134.0
167.0
214.0
216.0
146.0
181.0
289.0
289.0
234.0
234.0
245.0
302.0
302.0
255.0
255.0
489.0
489.0
12.0
12.0
369.0
369.0
401.0
333.0
311.0
314.0
275.0
324.0
380.0
371.0
375.0
335.0
293.0
276.0
4.0
4.0
285.0
285.0
355.0
333.0
253.0
253.0
494.0
494.0
218.0
218.0
198.0
247.0
497.0
497.0
342.0
342.0
347.0
277.0
292.0
271.0
4.0
4.0
314.0
314.0
348.0
308.0
238.0
238.0
390.0
390.0
341.0
363.0
400.0
375.0
281.0
71.0
71.0
430.0
430.0
465.0
497.0
489.0
417.0
393.0
401.0
416.0
404.0
330.0
293.0
327.0
287.0
264.0
316.0
310.0
296.0
341.0
334.0
309.0
347.0
324.0
300.0
324.0
333.0
315.0
364.0
339.0
280.0
355.0
369.0
359.0
411.0
485.0
482.0
419.0
438.0
452.0
466.0
506.0
482.0
419.0
391.0
405.0
426.0
447.0
438.0
473.0
503.0
480.0
447.0
467.0
484.0
394.0
322.0
317.0
295.0
270.0
259.0
262.0
265.0
257.0
262.0
271.0
292.0
330.0
366.0
383.0
286.0
193.0
193.0
511.0
511.0
43.0
43.0
340.0
340.0
293.0
309.0
300.0
265.0
286.0
314.0
341.0
370.0
346.0
319.0
331.0
350.0
379.0
374.0
492.0
81.0
81.0
25.0
-11.0
-11.0
-94.0
-192.0
-309.0
-309.0
-305.0
-371.0
-436.0
-446.0
-473.0
-469.0
-446.0
-414.0
-365.0
-306.0
-174.0
-174.0
-157.0
-108.0
-77.0
-82.0
-59.0
-21.0
30.0
30.0
-72.0
-72.0
-64.0
-70.0
-60.0
-68.0
-91.0
-107.0
-102.0
-96.0
-73.0
-41.0
-43.0
-31.0
61.0
61.0
51.0
73.0
-44.0
-44.0
-51.0
-100.0
-106.0
-94.0
-68.0
-46.0
-81.0
-130.0
-172.0
-195.0
-207.0
-215.0
-251.0
-284.0
-284.0
-281.0
-289.0
-313.0
-349.0
-439.0
-509.0
-619.0
-619.0
-689.0
-724.0
-850.0
-850.0
-894.0
-971.0
-1002.0
-1018.0
-1072.0
-1072.0
-1121.0
-1145.0
-1113.0
-1087.0
-1088.0
-1073.0
-1042.0
-905.0
-905.0
-874.0
-849.0
-788.0
-671.0
-671.0
-596.0
-569.0
-530.0
-367.0
-367.0
-306.0
-233.0
-233.0
-240.0
-216.0
-193.0
-152.0
-133.0
-136.0
-130.0
-111.0
-90.0
-84.0
-52.0
-38.0
-13.0
235.0
235.0
-6.0
-6.0
67.0
67.0
126.0
173.0
123.0
92.0
116.0
114.0
122.0
105.0
92.0
114.0
89.0
68.0
97.0
108.0
107.0
116.0
134.0
138.0
154.0
182.0
173.0
181.0
205.0
218.0
144.0
90.0
126.0
138.0
142.0
139.0
168.0
194.0
162.0
120.0
107.0
106.0
96.0
60.0
80.0
113.0
73.0
-55.0
-55.0
-19.0
-11.0
-37.0
-33.0
-22.0
-47.0
-75.0
-91.0
-104.0
-107.0
-92.0
-86.0
-80.0
-44.0
-53.0
-85.0
-74.0
-29.0
-88.0
-182.0
-183.0
-169.0
-166.0
-183.0
-193.0
-199.0
-200.0
-203.0
-192.0
-162.0
-146.0
-127.0
-77.0
-50.0
-60.0
-72.0
-59.0
-21.0
-8.0
-2.0
239.0
239.0
-31.0
-31.0
-23.0
68.0
68.0
88.0
82.0
75.0
61.0
66.0
77.0
72.0
44.0
-47.0
-47.0
-82.0
-131.0
-168.0
-192.0
-352.0
-352.0
-402.0
-439.0
-493.0
-633.0
-633.0
-678.0
-729.0
-790.0
-790.0
-806.0
-781.0
-748.0
-748.0
-689.0
-633.0
-566.0
-428.0
-428.0
-323.0
-178.0
-178.0
-94.0
-4.0
102.0
102.0
129.0
165.0
193.0
218.0
254.0
251.0
242.0
245.0
286.0
286.0
315.0
335.0
373.0
422.0
469.0
503.0
546.0
546.0
551.0
582.0
614.0
640.0
665.0
679.0
707.0
728.0
745.0
758.0
817.0
817.0
832.0
771.0
711.0
711.0
733.0
727.0
662.0
608.0
607.0
628.0
625.0
639.0
634.0
604.0
617.0
643.0
631.0
597.0
531.0
449.0
449.0
417.0
414.0
428.0
414.0
383.0
377.0
408.0
440.0
459.0
472.0
471.0
463.0
461.0
435.0
419.0
438.0
413.0
382.0
400.0
432.0
448.0
383.0
383.0
346.0
400.0
426.0
408.0
420.0
448.0
438.0
479.0
503.0
502.0
762.0
762.0
505.0
505.0
500.0
550.0
550.0
518.0
262.0
262.0
552.0
552.0
565.0
577.0
600.0
630.0
616.0
594.0
591.0
581.0
562.0
558.0
568.0
565.0
568.0
539.0
453.0
453.0
425.0
433.0
408.0
356.0
347.0
358.0
385.0
382.0
403.0
448.0
442.0
410.0
428.0
482.0
510.0
764.0
764.0
531.0
531.0
522.0
487.0
487.0
440.0
421.0
444.0
404.0
320.0
271.0
231.0
231.0
205.0
182.0
178.0
171.0
144.0
99.0
58.0
17.0
-47.0
-47.0
-45.0
-29.0
-55.0
-102.0
-76.0
-62.0
-69.0
-61.0
-74.0
-123.0
-151.0
-131.0
-125.0
-130.0
-138.0
-132.0
-107.0
-93.0
-90.0
-62.0
-45.0
-30.0
-10.0
58.0
58.0
29.0
-14.0
-14.0
57.0
57.0
81.0
95.0
115.0
145.0
136.0
122.0
135.0
155.0
126.0
56.0
16.0
37.0
32.0
-49.0
-49.0
-28.0
-21.0
-60.0
-68.0
-54.0
-59.0
-91.0
-115.0
-84.0
-70.0
-81.0
-22.0
37.0
37.0
67.0
87.0
80.0
90.0
104.0
132.0
159.0
147.0
129.0
128.0
155.0
165.0
120.0
85.0
71.0
41.0
58.0
107.0
44.0
-11.0
-11.0
64.0
64.0
30.0
9.0
-255.0
-255.0
45.0
45.0
25.0
2.0
30.0
19.0
-76.0
-76.0
-77.0
-53.0
-65.0
-51.0
-43.0
-34.0
10.0
10.0
2.0
-29.0
-29.0
12.0
12.0
37.0
77.0
82.0
67.0
147.0
197.0
51.0
51.0
145.0
162.0
153.0
138.0
183.0
225.0
310.0
310.0
345.0
327.0
332.0
354.0
349.0
351.0
377.0
410.0
459.0
508.0
466.0
421.0
420.0
472.0
530.0
530.0
451.0
451.0
418.0
443.0
465.0
425.0
479.0
494.0
477.0
507.0
736.0
736.0
504.0
504.0
450.0
396.0
377.0
383.0
382.0
377.0
357.0
429.0
418.0
312.0
310.0
283.0
277.0
276.0
257.0
276.0
289.0
229.0
229.0
251.0
199.0
136.0
185.0
224.0
238.0
236.0
240.0
253.0
183.0
155.0
153.0
166.0
197.0
186.0
202.0
228.0
167.0
129.0
167.0
166.0
165.0
209.0
212.0
158.0
111.0
113.0
121.0
107.0
110.0
65.0
-54.0
-54.0
-91.0
-145.0
-170.0
-187.0
-363.0
-363.0
-491.0
-405.0
-850.0
-850.0
-839.0
-857.0
-857.0
-857.0
-1063.0
-1063.0
-1147.0
-1070.0
-1176.0
-869.0
-869.0
-836.0
-791.0
-647.0
-647.0
-609.0
-548.0
-442.0
-442.0
-426.0
-379.0
-356.0
-363.0
-383.0
-342.0
-214.0
-214.0
-395.0
-395.0
-327.0
-32.0
-32.0
-318.0
-318.0
-132.0
-132.0
-67.0
-137.0
-163.0
-112.0
-51.0
-13.0
-58.0
-67.0
-6.0
-37.0
-96.0
-111.0
-81.0
-27.0
-42.0
28.0
28.0
101.0
-179.0
-179.0
-163.0
-144.0
-60.0
237.0
237.0
-180.0
-180.0
-97.0
-108.0
-84.0
107.0
107.0
10.0
-50.0
-50.0
-64.0
81.0
81.0
76.0
32.0
-28.0
-28.0
44.0
44.0
-47.0
-47.0
-51.0
-35.0
61.0
61.0
5.0
-97.0
-97.0
-43.0
-54.0
-84.0
59.0
59.0
25.0
-76.0
-76.0
-2.0
-51.0
-73.0
-73.0
-271.0
-271.0
-105.0
-105.0
-44.0
-121.0
-215.0
-292.0
-292.0
-119.0
-119.0
-156.0
-63.0
-288.0
-288.0
-281.0
-317.0
-321.0
-265.0
-48.0
-48.0
-457.0
-457.0
-207.0
-207.0
-222.0
-218.0
-227.0
-331.0
-331.0
-303.0
-274.0
-127.0
-127.0
-96.0
-183.0
-192.0
-73.0
-83.0
-137.0
-113.0
-54.0
-3.0
-15.0
-18.0
-55.0
-119.0
-135.0
-179.0
-192.0
-163.0
-178.0
-183.0
-145.0
-98.0
-53.0
-61.0
-96.0
-83.0
-59.0
-28.0
38.0
38.0
32.0
61.0
82.0
75.0
102.0
127.0
138.0
123.0
126.0
128.0
151.0
176.0
213.0
240.0
223.0
186.0
153.0
209.0
224.0
182.0
213.0
221.0
209.0
217.0
206.0
217.0
213.0
189.0
226.0
272.0
272.0
276.0
229.0
229.0
306.0
306.0
346.0
328.0
319.0
355.0
345.0
325.0
322.0
318.0
311.0
322.0
341.0
336.0
317.0
339.0
345.0
322.0
319.0
298.0
293.0
301.0
338.0
331.0
275.0
279.0
304.0
302.0
286.0
284.0
298.0
318.0
314.0
287.0
278.0
307.0
367.0
354.0
260.0
33.0
33.0
314.0
314.0
330.0
267.0
50.0
50.0
301.0
301.0
208.0
208.0
202.0
146.0
113.0
214.0
233.0
231.0
231.0
140.0
140.0
53.0
114.0
179.0
51.0
50.0
85.0
85.0
117.0
-149.0
-149.0
53.0
53.0
-22.0
-22.0
44.0
44.0
4.0
-137.0
-137.0
-124.0
49.0
49.0
72.0
64.0
-53.0
-53.0
-18.0
-29.0
245.0
245.0
-93.0
-93.0
-109.0
-100.0
-129.0
-42.0
24.0
24.0
-154.0
-154.0
-93.0
-19.0
99.0
99.0
72.0
165.0
-198.0
-198.0
209.0
209.0
-151.0
-151.0
-176.0
-117.0
-85.0
-91.0
-55.0
-31.0
-3.0
-19.0
51.0
51.0
32.0
119.0
149.0
155.0
129.0
42.0
16.0
56.0
85.0
149.0
171.0
231.0
231.0
34.0
34.0
53.0
57.0
72.0
93.0
35.0
26.0
41.0
21.0
96.0
157.0
80.0
3.0
68.0
131.0
152.0
120.0
112.0
145.0
132.0
69.0
29.0
83.0
151.0
120.0
77.0
44.0
-205.0
-205.0
57.0
57.0
26.0
-254.0
-254.0
34.0
34.0
-197.0
-197.0
43.0
43.0
32.0
-12.0
-12.0
185.0
185.0
168.0
81.0
16.0
-229.0
-229.0
116.0
116.0
139.0
154.0
178.0
134.0
19.0
16.0
74.0
95.0
155.0
205.0
107.0
24.0
77.0
99.0
77.0
108.0
151.0
157.0
159.0
170.0
152.0
162.0
216.0
311.0
311.0
155.0
155.0
144.0
149.0
157.0
159.0
210.0
255.0
470.0
470.0
130.0
130.0
182.0
249.0
254.0
241.0
221.0
171.0
161.0
154.0
168.0
222.0
230.0
174.0
166.0
201.0
241.0
214.0
207.0
229.0
193.0
182.0
190.0
223.0
273.0
273.0
271.0
283.0
288.0
296.0
153.0
153.0
137.0
186.0
199.0
189.0
208.0
223.0
218.0
201.0
186.0
215.0
248.0
220.0
154.0
126.0
189.0
213.0
154.0
170.0
194.0
202.0
112.0
184.0
-25.0
-25.0
-22.0
-53.0
236.0
236.0
-213.0
-213.0
82.0
82.0
176.0
108.0
69.0
63.0
98.0
112.0
76.0
51.0
81.0
142.0
175.0
242.0
488.0
488.0
28.0
28.0
67.0
102.0
121.0
205.0
173.0
82.0
87.0
103.0
127.0
168.0
132.0
52.0
18.0
55.0
118.0
185.0
115.0
38.0
61.0
49.0
45.0
14.0
25.0
58.0
93.0
113.0
126.0
90.0
68.0
82.0
74.0
126.0
79.0
36.0
68.0
149.0
209.0
112.0
37.0
96.0
66.0
1.0
45.0
113.0
93.0
30.0
4.0
33.0
116.0
168.0
62.0
312.0
312.0
115.0
115.0
113.0
378.0
378.0
-134.0
-134.0
90.0
90.0
405.0
405.0
374.0
193.0
193.0
208.0
184.0
190.0
185.0
246.0
187.0
97.0
138.0
185.0
251.0
333.0
333.0
272.0
118.0
118.0
181.0
248.0
260.0
260.0
318.0
334.0
326.0
354.0
340.0
398.0
479.0
413.0
364.0
346.0
301.0
316.0
310.0
275.0
242.0
242.0
229.0
217.0
198.0
123.0
43.0
6.0
-144.0
-144.0
-315.0
-315.0
-429.0
-563.0
-563.0
-629.0
-698.0
-884.0
-884.0
-839.0
-790.0
-796.0
-681.0
-681.0
-621.0
-564.0
-538.0
-528.0
-353.0
-353.0
-123.0
-123.0
177.0
177.0
140.0
26.0
131.0
251.0
255.0
323.0
323.0
357.0
363.0
345.0
339.0
400.0
487.0
507.0
433.0
356.0
332.0
350.0
437.0
473.0
464.0
445.0
435.0
466.0
465.0
476.0
503.0
752.0
752.0
438.0
438.0
436.0
477.0
481.0
460.0
386.0
330.0
339.0
374.0
428.0
395.0
365.0
349.0
385.0
417.0
361.0
349.0
339.0
312.0
362.0
418.0
413.0
366.0
296.0
225.0
225.0
307.0
307.0
421.0
385.0
279.0
212.0
212.0
251.0
150.0
518.0
518.0
158.0
158.0
-138.0
-138.0
237.0
237.0
300.0
300.0
347.0
306.0
371.0
408.0
347.0
302.0
284.0
322.0
402.0
432.0
406.0
430.0
511.0
735.0
735.0
416.0
416.0
425.0
472.0
577.0
577.0
598.0
606.0
657.0
691.0
665.0
649.0
683.0
668.0
616.0
614.0
629.0
665.0
685.0
694.0
620.0
557.0
662.0
725.0
676.0
708.0
762.0
668.0
616.0
623.0
537.0
778.0
778.0
761.0
524.0
524.0
644.0
648.0
534.0
558.0
601.0
557.0
502.0
502.0
510.0
615.0
615.0
608.0
518.0
421.0
421.0
417.0
464.0
363.0
403.0
-39.0
-39.0
-25.0
-85.0
-6.0
-389.0
-389.0
-370.0
-460.0
-755.0
-755.0
-441.0
-441.0
-269.0
-269.0
-375.0
-192.0
-192.0
30.0
30.0
118.0
181.0
220.0
234.0
232.0
224.0
229.0
246.0
508.0
508.0
253.0
253.0
330.0
330.0
325.0
356.0
381.0
366.0
398.0
434.0
444.0
484.0
482.0
474.0
498.0
565.0
565.0
570.0
546.0
577.0
582.0
554.0
562.0
565.0
562.0
571.0
597.0
629.0
644.0
661.0
668.0
649.0
634.0
640.0
667.0
660.0
668.0
688.0
692.0
719.0
735.0
759.0
780.0
780.0
748.0
748.0
745.0
1021.0
1021.0
800.0
800.0
778.0
519.0
519.0
711.0
711.0
758.0
1022.0
1022.0
750.0
750.0
789.0
789.0
686.0
686.0
651.0
707.0
738.0
806.0
806.0
788.0
714.0
714.0
750.0
885.0
885.0
900.0
824.0
774.0
794.0
802.0
757.0
757.0
769.0
769.0
731.0
731.0
702.0
676.0
694.0
708.0
718.0
699.0
640.0
624.0
604.0
576.0
567.0
585.0
613.0
618.0
677.0
740.0
833.0
833.0
866.0
903.0
973.0
1051.0
1051.0
1071.0
1130.0
1135.0
1140.0
1122.0
1068.0
1073.0
1086.0
1081.0
1059.0
1073.0
1118.0
1098.0
1057.0
1030.0
991.0
991.0
990.0
958.0
916.0
945.0
955.0
924.0
880.0
871.0
903.0
913.0
918.0
915.0
920.0
924.0
938.0
946.0
918.0
890.0
883.0
918.0
908.0
859.0
848.0
859.0
858.0
890.0
918.0
942.0
949.0
881.0
825.0
840.0
884.0
873.0
875.0
847.0
805.0
875.0
959.0
934.0
903.0
1008.0
1005.0
899.0
931.0
966.0
945.0
954.0
976.0
994.0
985.0
1016.0
1271.0
1271.0
1072.0
1072.0
1077.0
1084.0
1093.0
1075.0
1067.0
1065.0
1106.0
1098.0
1093.0
1077.0
1028.0
1053.0
1109.0
1108.0
1072.0
1083.0
1098.0
1108.0
1114.0
1120.0
1139.0
1155.0
1135.0
1116.0
1139.0
1161.0
1146.0
1143.0
1209.0
1193.0
1130.0
1062.0
1000.0
1000.0
1108.0
1108.0
1117.0
1109.0
1079.0
1034.0
1026.0
907.0
907.0
858.0
818.0
890.0
354.0
354.0
319.0
396.0
396.0
763.0
763.0
722.0
722.0
466.0
466.0
625.0
625.0
487.0
487.0
505.0
624.0
624.0
602.0
610.0
607.0
566.0
553.0
565.0
583.0
605.0
586.0
555.0
537.0
586.0
652.0
586.0
362.0
362.0
332.0
379.0
345.0
396.0
290.0
496.0
496.0
51.0
51.0
451.0
451.0
507.0
501.0
501.0
483.0
483.0
468.0
468.0
357.0
357.0
437.0
401.0
300.0
4.0
4.0
357.0
357.0
287.0
260.0
332.0
309.0
262.0
298.0
327.0
276.0
231.0
231.0
253.0
260.0
260.0
204.0
204.0
220.0
242.0
221.0
181.0
176.0
192.0
209.0
242.0
497.0
497.0
487.0
487.0
113.0
113.0
237.0
228.0
113.0
236.0
-188.0
-188.0
-144.0
-144.0
-139.0
-139.0
-62.0
-36.0
36.0
36.0
-49.0
-49.0
95.0
95.0
25.0
-201.0
-201.0
92.0
92.0
106.0
74.0
76.0
106.0
96.0
73.0
80.0
107.0
146.0
56.0
-188.0
-188.0
147.0
147.0
150.0
204.0
208.0
212.0
493.0
493.0
124.0
124.0
192.0
196.0
189.0
170.0
144.0
202.0
502.0
502.0
159.0
159.0
135.0
143.0
166.0
150.0
179.0
56.0
471.0
471.0
238.0
238.0
302.0
302.0
365.0
356.0
341.0
325.0
362.0
317.0
186.0
186.0
216.0
240.0
234.0
287.0
287.0
204.0
204.0
253.0
500.0
500.0
201.0
201.0
217.0
140.0
91.0
103.0
100.0
127.0
144.0
178.0
183.0
149.0
183.0
225.0
320.0
320.0
257.0
201.0
201.0
262.0
262.0
43.0
43.0
393.0
393.0
103.0
103.0
154.0
120.0
157.0
217.0
187.0
192.0
232.0
354.0
354.0
332.0
249.0
249.0
342.0
342.0
345.0
353.0
317.0
312.0
346.0
338.0
371.0
389.0
350.0
299.0
284.0
358.0
430.0
440.0
460.0
452.0
389.0
378.0
366.0
356.0
414.0
370.0
286.0
309.0
363.0
371.0
385.0
363.0
339.0
383.0
307.0
231.0
231.0
241.0
217.0
295.0
295.0
301.0
308.0
263.0
167.0
167.0
151.0
214.0
296.0
296.0
248.0
248.0
224.0
186.0
247.0
251.0
342.0
342.0
316.0
345.0
291.0
0.0
0.0
327.0
327.0
334.0
339.0
306.0
303.0
390.0
341.0
267.0
347.0
437.0
383.0
334.0
338.0
345.0
359.0
343.0
289.0
261.0
310.0
272.0
400.0
34.0
34.0
-234.0
-234.0
-179.0
-179.0
-206.0
-379.0
-379.0
-362.0
-379.0
-476.0
-623.0
-623.0
-643.0
-665.0
-674.0
-685.0
-657.0
-587.0
-607.0
-539.0
-422.0
-422.0
-298.0
-301.0
-277.0
-94.0
-94.0
-54.0
-23.0
-4.0
-19.0
124.0
124.0
197.0
294.0
294.0
267.0
259.0
5.0
5.0
347.0
347.0
396.0
436.0
380.0
328.0
394.0
464.0
460.0
432.0
456.0
764.0
764.0
448.0
448.0
465.0
460.0
422.0
456.0
459.0
435.0
433.0
409.0
408.0
425.0
463.0
458.0
453.0
458.0
469.0
447.0
422.0
465.0
474.0
455.0
477.0
428.0
388.0
447.0
410.0
333.0
364.0
383.0
330.0
347.0
405.0
394.0
328.0
306.0
263.0
23.0
23.0
168.0
168.0
189.0
184.0
217.0
287.0
287.0
291.0
327.0
393.0
400.0
411.0
458.0
444.0
443.0
474.0
500.0
484.0
460.0
466.0
421.0
412.0
409.0
390.0
388.0
379.0
358.0
353.0
411.0
389.0
362.0
403.0
408.0
342.0
327.0
330.0
319.0
328.0
318.0
363.0
408.0
424.0
412.0
396.0
380.0
425.0
450.0
349.0
252.0
252.0
275.0
275.0
267.0
318.0
339.0
307.0
320.0
381.0
449.0
474.0
491.0
762.0
762.0
444.0
444.0
460.0
467.0
416.0
427.0
461.0
459.0
474.0
504.0
473.0
434.0
456.0
514.0
514.0
465.0
465.0
495.0
483.0
481.0
458.0
425.0
427.0
455.0
453.0
435.0
459.0
489.0
744.0
744.0
274.0
274.0
466.0
466.0
512.0
512.0
474.0
474.0
492.0
503.0
764.0
764.0
265.0
265.0
557.0
557.0
550.0
589.0
605.0
553.0
549.0
596.0
583.0
582.0
590.0
520.0
456.0
456.0
435.0
410.0
408.0
416.0
390.0
371.0
406.0
404.0
371.0
354.0
348.0
365.0
355.0
364.0
388.0
391.0
472.0
465.0
350.0
308.0
324.0
330.0
293.0
303.0
348.0
303.0
287.0
318.0
288.0
261.0
270.0
317.0
300.0
242.0
242.0
374.0
374.0
433.0
416.0
434.0
492.0
484.0
474.0
499.0
574.0
574.0
543.0
519.0
418.0
418.0
403.0
342.0
277.0
140.0
140.0
160.0
167.0
131.0
154.0
208.0
185.0
167.0
183.0
175.0
224.0
294.0
294.0
186.0
186.0
192.0
293.0
293.0
230.0
230.0
246.0
218.0
213.0
276.0
276.0
301.0
309.0
316.0
339.0
307.0
270.0
308.0
375.0
417.0
403.0
433.0
411.0
386.0
444.0
443.0
410.0
417.0
421.0
358.0
354.0
370.0
320.0
314.0
363.0
309.0
291.0
318.0
269.0
38.0
38.0
509.0
509.0
170.0
170.0
503.0
503.0
200.0
200.0
202.0
222.0
252.0
198.0
158.0
170.0
197.0
239.0
244.0
231.0
226.0
217.0
224.0
309.0
309.0
224.0
224.0
213.0
171.0
198.0
249.0
218.0
244.0
479.0
479.0
1.0
1.0
494.0
494.0
306.0
306.0
261.0
269.0
264.0
271.0
261.0
222.0
222.0
189.0
197.0
202.0
200.0
221.0
198.0
193.0
201.0
209.0
194.0
104.0
123.0
154.0
152.0
157.0
98.0
147.0
208.0
179.0
163.0
135.0
113.0
153.0
183.0
200.0
171.0
118.0
87.0
115.0
202.0
200.0
168.0
190.0
194.0
177.0
169.0
158.0
171.0
200.0
174.0
142.0
140.0
122.0
52.0
51.0
128.0
162.0
104.0
32.0
34.0
149.0
202.0
128.0
60.0
29.0
42.0
41.0
131.0
185.0
108.0
25.0
40.0
116.0
122.0
128.0
179.0
206.0
176.0
145.0
116.0
44.0
41.0
76.0
80.0
17.0
-179.0
-179.0
24.0
24.0
75.0
150.0
69.0
18.0
105.0
134.0
114.0
135.0
191.0
137.0
102.0
178.0
205.0
189.0
204.0
194.0
233.0
214.0
137.0
167.0
206.0
231.0
357.0
357.0
348.0
319.0
281.0
5.0
5.0
153.0
153.0
186.0
238.0
144.0
95.0
116.0
85.0
130.0
186.0
225.0
171.0
115.0
199.0
212.0
182.0
204.0
218.0
204.0
136.0
103.0
123.0
159.0
118.0
88.0
98.0
72.0
119.0
88.0
-7.0
-7.0
144.0
144.0
160.0
99.0
89.0
84.0
8.0
42.0
139.0
214.0
184.0
116.0
121.0
127.0
75.0
102.0
123.0
99.0
91.0
95.0
137.0
140.0
87.0
40.0
59.0
102.0
124.0
90.0
43.0
56.0
89.0
99.0
98.0
64.0
24.0
59.0
71.0
98.0
178.0
193.0
174.0
169.0
232.0
205.0
121.0
142.0
155.0
175.0
231.0
213.0
157.0
184.0
236.0
504.0
504.0
116.0
116.0
177.0
229.0
269.0
269.0
30.0
30.0
302.0
302.0
3.0
3.0
495.0
495.0
249.0
249.0
207.0
181.0
184.0
158.0
200.0
245.0
303.0
303.0
265.0
11.0
11.0
263.0
263.0
7.0
7.0
284.0
284.0
12.0
12.0
330.0
330.0
347.0
298.0
281.0
326.0
295.0
0.0
0.0
268.0
268.0
292.0
285.0
314.0
332.0
291.0
183.0
183.0
170.0
153.0
177.0
217.0
238.0
179.0
138.0
100.0
56.0
112.0
166.0
201.0
239.0
192.0
138.0
135.0
119.0
131.0
158.0
161.0
136.0
126.0
170.0
184.0
186.0
233.0
208.0
187.0
230.0
223.0
176.0
166.0
160.0
147.0
161.0
165.0
177.0
186.0
112.0
85.0
124.0
120.0
131.0
162.0
122.0
84.0
112.0
153.0
169.0
186.0
206.0
3.0
3.0
87.0
157.0
198.0
222.0
205.0
160.0
174.0
209.0
232.0
215.0
221.0
450.0
450.0
169.0
169.0
131.0
92.0
79.0
137.0
207.0
158.0
170.0
199.0
154.0
153.0
174.0
157.0
189.0
213.0
147.0
144.0
198.0
184.0
161.0
149.0
135.0
119.0
127.0
112.0
116.0
177.0
126.0
81.0
128.0
166.0
190.0
162.0
173.0
204.0
197.0
194.0
221.0
251.0
238.0
191.0
197.0
175.0
157.0
217.0
233.0
184.0
132.0
115.0
112.0
189.0
247.0
177.0
218.0
465.0
465.0
3.0
3.0
229.0
229.0
201.0
320.0
320.0
324.0
279.0
29.0
29.0
494.0
494.0
249.0
249.0
497.0
497.0
171.0
171.0
207.0
187.0
113.0
57.0
51.0
44.0
66.0
14.0
-6.0
-6.0
3.0
