599.0
616.0
624.0
617.0
615.0
607.0
609.0
629.0
638.0
634.0
657.0
679.0
703.0
724.0
704.0
707.0
715.0
747.0
1006.0
1006.0
738.0
738.0
755.0
763.0
711.0
624.0
563.0
552.0
568.0
597.0
610.0
598.0
561.0
545.0
539.0
574.0
628.0
652.0
607.0
565.0
577.0
582.0
570.0
549.0
532.0
544.0
540.0
530.0
476.0
476.0
479.0
469.0
445.0
465.0
510.0
555.0
555.0
531.0
389.0
389.0
403.0
435.0
452.0
472.0
492.0
552.0
552.0
559.0
571.0
604.0
624.0
634.0
656.0
663.0
688.0
694.0
669.0
686.0
678.0
646.0
597.0
606.0
621.0
571.0
549.0
575.0
578.0
554.0
557.0
569.0
568.0
558.0
545.0
577.0
553.0
453.0
453.0
456.0
437.0
413.0
405.0
413.0
404.0
410.0
440.0
453.0
461.0
490.0
526.0
526.0
444.0
444.0
428.0
441.0
443.0
425.0
443.0
467.0
480.0
474.0
487.0
477.0
480.0
485.0
456.0
435.0
405.0
409.0
428.0
416.0
389.0
375.0
390.0
400.0
404.0
422.0
418.0
409.0
412.0
396.0
414.0
447.0
459.0
456.0
450.0
474.0
472.0
406.0
375.0
374.0
366.0
373.0
371.0
369.0
391.0
429.0
476.0
511.0
584.0
584.0
617.0
629.0
609.0
622.0
643.0
641.0
610.0
578.0
562.0
543.0
542.0
565.0
590.0
621.0
620.0
617.0
607.0
604.0
625.0
614.0
594.0
573.0
587.0
624.0
632.0
639.0
679.0
699.0
693.0
701.0
704.0
696.0
693.0
683.0
700.0
727.0
761.0
780.0
780.0
782.0
790.0
788.0
772.0
789.0
795.0
777.0
780.0
751.0
751.0
775.0
775.0
741.0
741.0
753.0
763.0
751.0
749.0
755.0
748.0
717.0
670.0
663.0
678.0
660.0
651.0
683.0
712.0
694.0
671.0
662.0
653.0
657.0
671.0
687.0
670.0
641.0
632.0
609.0
575.0
561.0
575.0
579.0
575.0
578.0
575.0
583.0
570.0
584.0
609.0
618.0
609.0
599.0
617.0
643.0
638.0
617.0
612.0
639.0
688.0
716.0
701.0
678.0
715.0
751.0
740.0
727.0
754.0
766.0
761.0
756.0
733.0
695.0
667.0
688.0
708.0
718.0
728.0
765.0
979.0
979.0
606.0
606.0
586.0
636.0
640.0
586.0
563.0
589.0
618.0
608.0
582.0
577.0
622.0
648.0
631.0
608.0
613.0
601.0
568.0
570.0
592.0
582.0
540.0
466.0
466.0
444.0
413.0
350.0
462.0
56.0
56.0
4.0
-177.0
-177.0
-254.0
-368.0
-368.0
-395.0
-406.0
-438.0
-428.0
-405.0
-389.0
-360.0
-352.0
-329.0
-262.0
-94.0
-94.0
-29.0
72.0
72.0
142.0
205.0
291.0
291.0
335.0
401.0
457.0
471.0
474.0
502.0
562.0
562.0
605.0
607.0
587.0
609.0
625.0
631.0
638.0
629.0
628.0
651.0
660.0
659.0
668.0
685.0
699.0
701.0
707.0
716.0
726.0
718.0
728.0
750.0
745.0
738.0
749.0
782.0
782.0
803.0
826.0
796.0
712.0
712.0
679.0
651.0
649.0
657.0
647.0
661.0
670.0
628.0
604.0
634.0
661.0
652.0
661.0
686.0
693.0
691.0
704.0
694.0
689.0
711.0
723.0
731.0
751.0
797.0
797.0
782.0
778.0
733.0
733.0
738.0
733.0
722.0
731.0
747.0
702.0
678.0
660.0
631.0
669.0
692.0
687.0
672.0
631.0
606.0
616.0
620.0
618.0
634.0
679.0
724.0
740.0
1018.0
1018.0
732.0
732.0
745.0
750.0
730.0
728.0
743.0
710.0
730.0
739.0
671.0
644.0
700.0
724.0
694.0
717.0
753.0
701.0
633.0
624.0
626.0
617.0
624.0
639.0
641.0
632.0
587.0
561.0
597.0
609.0
587.0
600.0
614.0
599.0
593.0
584.0
559.0
561.0
590.0
593.0
575.0
560.0
522.0
263.0
263.0
750.0
750.0
479.0
479.0
494.0
549.0
549.0
527.0
512.0
539.0
436.0
436.0
430.0
452.0
432.0
419.0
448.0
477.0
489.0
510.0
532.0
532.0
459.0
459.0
476.0
505.0
763.0
763.0
441.0
441.0
443.0
448.0
474.0
511.0
514.0
514.0
518.0
538.0
552.0
563.0
522.0
513.0
560.0
581.0
450.0
450.0
471.0
435.0
440.0
457.0
421.0
386.0
418.0
458.0
453.0
475.0
507.0
532.0
532.0
528.0
534.0
457.0
457.0
442.0
449.0
466.0
480.0
477.0
471.0
458.0
475.0
508.0
746.0
746.0
492.0
492.0
507.0
537.0
537.0
540.0
549.0
554.0
562.0
565.0
562.0
574.0
561.0
563.0
538.0
508.0
508.0
500.0
498.0
502.0
495.0
494.0
487.0
471.0
488.0
530.0
530.0
549.0
578.0
610.0
669.0
701.0
694.0
677.0
667.0
681.0
693.0
692.0
669.0
679.0
667.0
653.0
686.0
680.0
670.0
676.0
664.0
649.0
617.0
613.0
617.0
582.0
590.0
621.0
608.0
623.0
628.0
630.0
684.0
706.0
680.0
646.0
623.0
628.0
655.0
657.0
628.0
622.0
647.0
694.0
710.0
689.0
680.0
673.0
672.0
677.0
681.0
699.0
694.0
685.0
700.0
749.0
982.0
982.0
669.0
669.0
626.0
587.0
558.0
561.0
571.0
567.0
562.0
582.0
599.0
567.0
563.0
610.0
660.0
641.0
624.0
659.0
678.0
652.0
641.0
660.0
684.0
695.0
698.0
728.0
715.0
695.0
714.0
727.0
715.0
687.0
667.0
626.0
597.0
594.0
622.0
660.0
689.0
766.0
1011.0
1011.0
678.0
678.0
638.0
544.0
491.0
491.0
390.0
508.0
314.0
314.0
345.0
-191.0
-191.0
-238.0
-172.0
-62.0
-50.0
-52.0
-21.0
206.0
206.0
-5.0
-5.0
137.0
137.0
207.0
394.0
394.0
488.0
506.0
459.0
448.0
484.0
565.0
565.0
606.0
640.0
623.0
631.0
664.0
648.0
592.0
583.0
623.0
633.0
616.0
565.0
542.0
596.0
628.0
626.0
631.0
664.0
669.0
613.0
585.0
590.0
582.0
598.0
628.0
652.0
655.0
669.0
700.0
711.0
701.0
669.0
652.0
689.0
701.0
683.0
680.0
645.0
605.0
590.0
617.0
673.0
685.0
652.0
610.0
585.0
589.0
609.0
590.0
529.0
476.0
476.0
511.0
484.0
469.0
506.0
547.0
547.0
563.0
578.0
585.0
597.0
602.0
614.0
620.0
594.0
590.0
634.0
665.0
676.0
673.0
659.0
647.0
636.0
647.0
661.0
664.0
667.0
662.0
636.0
612.0
648.0
659.0
620.0
630.0
677.0
701.0
684.0
621.0
578.0
620.0
620.0
559.0
522.0
571.0
576.0
540.0
549.0
578.0
543.0
513.0
516.0
515.0
551.0
566.0
577.0
617.0
605.0
528.0
514.0
539.0
542.0
554.0
577.0
551.0
526.0
529.0
522.0
542.0
566.0
592.0
571.0
546.0
581.0
608.0
583.0
522.0
484.0
484.0
482.0
472.0
482.0
506.0
499.0
479.0
467.0
452.0
441.0
421.0
397.0
391.0
390.0
396.0
394.0
414.0
434.0
409.0
350.0
301.0
326.0
320.0
286.0
309.0
322.0
284.0
6.0
6.0
260.0
260.0
272.0
294.0
301.0
281.0
270.0
296.0
261.0
204.0
204.0
224.0
251.0
240.0
233.0
254.0
249.0
318.0
318.0
287.0
294.0
319.0
327.0
340.0
403.0
457.0
451.0
458.0
448.0
420.0
443.0
458.0
505.0
549.0
549.0
568.0
553.0
481.0
481.0
485.0
499.0
484.0
487.0
504.0
459.0
442.0
481.0
506.0
532.0
532.0
271.0
271.0
528.0
528.0
374.0
374.0
451.0
464.0
401.0
436.0
754.0
754.0
432.0
432.0
483.0
624.0
624.0
662.0
630.0
597.0
594.0
615.0
638.0
607.0
560.0
568.0
519.0
291.0
291.0
576.0
576.0
558.0
562.0
520.0
512.0
523.0
522.0
571.0
597.0
576.0
596.0
584.0
514.0
488.0
488.0
502.0
469.0
445.0
433.0
395.0
397.0
389.0
333.0
359.0
367.0
339.0
353.0
370.0
394.0
411.0
414.0
410.0
441.0
476.0
453.0
412.0
437.0
406.0
323.0
308.0
336.0
316.0
224.0
224.0
253.0
238.0
210.0
224.0
241.0
268.0
268.0
212.0
212.0
209.0
139.0
90.0
83.0
45.0
-115.0
-115.0
-178.0
-250.0
-367.0
-367.0
-394.0
-388.0
-359.0
-328.0
-294.0
-162.0
-162.0
-57.0
116.0
116.0
179.0
391.0
391.0
468.0
594.0
594.0
681.0
758.0
810.0
810.0
842.0
848.0
840.0
847.0
838.0
834.0
851.0
865.0
861.0
822.0
798.0
836.0
827.0
833.0
860.0
855.0
808.0
516.0
516.0
833.0
833.0
715.0
715.0
730.0
842.0
842.0
818.0
808.0
850.0
869.0
834.0
829.0
861.0
892.0
860.0
838.0
821.0
770.0
533.0
533.0
880.0
880.0
879.0
798.0
734.0
734.0
755.0
1011.0
1011.0
718.0
718.0
634.0
607.0
604.0
683.0
508.0
508.0
153.0
153.0
99.0
34.0
-147.0
-147.0
-219.0
-264.0
-264.0
-20.0
-20.0
-512.0
-512.0
-232.0
-232.0
-180.0
-117.0
-20.0
20.0
20.0
61.0
90.0
118.0
110.0
102.0
142.0
196.0
167.0
175.0
247.0
253.0
242.0
380.0
380.0
404.0
402.0
377.0
354.0
340.0
387.0
412.0
426.0
487.0
490.0
410.0
402.0
427.0
418.0
421.0
419.0
398.0
366.0
334.0
302.0
331.0
389.0
345.0
295.0
324.0
327.0
361.0
405.0
371.0
378.0
397.0
350.0
308.0
306.0
296.0
322.0
308.0
269.0
304.0
265.0
166.0
166.0
205.0
220.0
184.0
173.0
194.0
202.0
213.0
249.0
236.0
197.0
222.0
240.0
242.0
233.0
237.0
508.0
508.0
242.0
242.0
511.0
511.0
20.0
20.0
510.0
510.0
7.0
7.0
270.0
270.0
281.0
263.0
267.0
291.0
311.0
328.0
318.0
322.0
280.0
6.0
6.0
365.0
365.0
359.0
289.0
286.0
202.0
202.0
241.0
229.0
207.0
216.0
232.0
248.0
201.0
187.0
217.0
251.0
342.0
342.0
341.0
350.0
324.0
270.0
293.0
317.0
327.0
292.0
283.0
298.0
302.0
316.0
318.0
317.0
295.0
231.0
231.0
248.0
270.0
270.0
283.0
276.0
260.0
256.0
263.0
190.0
190.0
179.0
200.0
190.0
166.0
191.0
233.0
267.0
267.0
251.0
251.0
264.0
264.0
246.0
246.0
298.0
298.0
263.0
256.0
233.0
233.0
226.0
320.0
320.0
302.0
323.0
377.0
362.0
306.0
292.0
298.0
263.0
241.0
241.0
254.0
500.0
500.0
200.0
200.0
165.0
206.0
217.0
209.0
239.0
254.0
179.0
121.0
139.0
178.0
228.0
221.0
215.0
173.0
165.0
289.0
289.0
269.0
309.0
311.0
236.0
236.0
264.0
264.0
208.0
208.0
263.0
263.0
241.0
241.0
309.0
309.0
322.0
275.0
244.0
244.0
223.0
221.0
242.0
233.0
311.0
311.0
271.0
307.0
367.0
304.0
194.0
194.0
233.0
280.0
280.0
320.0
345.0
300.0
205.0
205.0
187.0
167.0
115.0
88.0
114.0
91.0
28.0
8.0
-70.0
-70.0
-131.0
-237.0
-278.0
-278.0
-345.0
-328.0
-279.0
-274.0
-337.0
-384.0
-333.0
-143.0
-143.0
-106.0
-61.0
-34.0
56.0
56.0
-247.0
-247.0
84.0
84.0
104.0
136.0
223.0
263.0
263.0
242.0
242.0
249.0
226.0
239.0
218.0
182.0
160.0
154.0
201.0
240.0
251.0
285.0
285.0
311.0
343.0
332.0
326.0
338.0
343.0
349.0
373.0
387.0
358.0
363.0
421.0
461.0
412.0
422.0
488.0
504.0
506.0
508.0
543.0
543.0
567.0
589.0
575.0
584.0
590.0
594.0
600.0
598.0
615.0
622.0
617.0
602.0
571.0
560.0
549.0
530.0
544.0
574.0
606.0
625.0
630.0
636.0
634.0
623.0
601.0
579.0
575.0
566.0
573.0
594.0
607.0
613.0
609.0
617.0
628.0
633.0
624.0
620.0
629.0
663.0
710.0
734.0
747.0
736.0
743.0
749.0
739.0
742.0
723.0
701.0
687.0
675.0
685.0
687.0
693.0
711.0
710.0
717.0
724.0
709.0
685.0
664.0
647.0
656.0
672.0
708.0
730.0
649.0
579.0
555.0
417.0
417.0
323.0
145.0
145.0
77.0
28.0
-75.0
-75.0
-133.0
-157.0
-149.0
-136.0
-107.0
-58.0
-15.0
-19.0
38.0
38.0
64.0
102.0
162.0
218.0
351.0
351.0
391.0
422.0
449.0
467.0
497.0
561.0
561.0
569.0
559.0
563.0
573.0
554.0
526.0
513.0
484.0
484.0
477.0
468.0
456.0
483.0
558.0
558.0
585.0
578.0
587.0
599.0
591.0
609.0
623.0
618.0
630.0
625.0
581.0
542.0
530.0
524.0
542.0
534.0
477.0
477.0
488.0
500.0
539.0
539.0
552.0
559.0
534.0
518.0
532.0
455.0
455.0
425.0
373.0
377.0
367.0
340.0
325.0
333.0
354.0
377.0
412.0
421.0
383.0
367.0
362.0
357.0
378.0
381.0
348.0
336.0
341.0
369.0
409.0
404.0
379.0
362.0
389.0
411.0
403.0
387.0
379.0
389.0
396.0
402.0
420.0
443.0
460.0
447.0
440.0
440.0
440.0
435.0
427.0
419.0
417.0
437.0
451.0
440.0
428.0
417.0
396.0
378.0
386.0
355.0
315.0
298.0
277.0
263.0
238.0
238.0
242.0
238.0
310.0
310.0
294.0
310.0
320.0
303.0
312.0
301.0
276.0
270.0
262.0
256.0
265.0
238.0
238.0
232.0
217.0
197.0
202.0
215.0
225.0
232.0
236.0
288.0
288.0
299.0
280.0
286.0
298.0
280.0
278.0
273.0
14.0
14.0
320.0
320.0
325.0
343.0
347.0
330.0
320.0
317.0
291.0
256.0
17.0
17.0
306.0
306.0
315.0
338.0
358.0
365.0
367.0
356.0
326.0
323.0
349.0
348.0
334.0
340.0
331.0
303.0
275.0
267.0
263.0
221.0
221.0
207.0
209.0
206.0
212.0
244.0
277.0
277.0
3.0
3.0
269.0
269.0
287.0
292.0
279.0
281.0
289.0
284.0
264.0
284.0
264.0
215.0
215.0
229.0
217.0
198.0
189.0
193.0
178.0
174.0
157.0
144.0
193.0
205.0
213.0
245.0
242.0
294.0
294.0
280.0
294.0
304.0
314.0
324.0
318.0
303.0
312.0
316.0
287.0
306.0
315.0
291.0
309.0
326.0
314.0
287.0
292.0
306.0
348.0
393.0
354.0
370.0
354.0
351.0
445.0
502.0
474.0
490.0
490.0
436.0
436.0
435.0
411.0
394.0
473.0
102.0
102.0
314.0
314.0
98.0
98.0
12.0
370.0
370.0
272.0
15.0
15.0
303.0
303.0
355.0
336.0
103.0
103.0
85.0
205.0
322.0
322.0
303.0
295.0
269.0
224.0
224.0
183.0
232.0
196.0
126.0
132.0
145.0
150.0
136.0
113.0
103.0
99.0
88.0
50.0
8.0
-62.0
-62.0
-86.0
-97.0
-102.0
-163.0
-250.0
-324.0
-324.0
-421.0
-439.0
-459.0
-508.0
-493.0
-481.0
-484.0
-481.0
-475.0
-410.0
-344.0
-351.0
-396.0
-403.0
-319.0
-131.0
-131.0
-94.0
-101.0
-92.0
-99.0
-72.0
-20.0
165.0
165.0
90.0
13.0
32.0
126.0
226.0
320.0
320.0
430.0
739.0
739.0
312.0
312.0
309.0
389.0
445.0
449.0
479.0
437.0
367.0
419.0
468.0
464.0
471.0
495.0
463.0
438.0
459.0
473.0
752.0
752.0
373.0
373.0
427.0
472.0
482.0
458.0
406.0
369.0
389.0
403.0
437.0
463.0
443.0
419.0
429.0
453.0
469.0
448.0
483.0
490.0
500.0
738.0
738.0
350.0
350.0
299.0
330.0
404.0
456.0
433.0
327.0
417.0
417.0
328.0
328.0
173.0
173.0
229.0
142.0
67.0
123.0
95.0
69.0
123.0
121.0
119.0
132.0
123.0
189.0
208.0
131.0
152.0
190.0
237.0
276.0
276.0
399.0
65.0
65.0
106.0
132.0
145.0
206.0
174.0
55.0
48.0
97.0
108.0
160.0
146.0
95.0
59.0
34.0
92.0
116.0
146.0
223.0
192.0
108.0
104.0
106.0
122.0
127.0
106.0
32.0
13.0
35.0
-143.0
-143.0
-194.0
-239.0
-313.0
-313.0
-310.0
-355.0
-329.0
-329.0
-522.0
-522.0
-650.0
-756.0
-721.0
-663.0
-600.0
-555.0
-540.0
-551.0
-562.0
-538.0
-360.0
-360.0
-316.0
-374.0
-332.0
-425.0
-19.0
-19.0
253.0
253.0
80.0
80.0
87.0
147.0
147.0
72.0
72.0
200.0
139.0
254.0
349.0
349.0
-98.0
-98.0
-221.0
-19.0
-19.0
20.0
20.0
13.0
33.0
28.0
98.0
72.0
4.0
119.0
134.0
217.0
217.0
173.0
173.0
96.0
215.0
240.0
11.0
11.0
35.0
-157.0
-157.0
135.0
135.0
104.0
167.0
154.0
67.0
138.0
225.0
292.0
292.0
121.0
121.0
150.0
230.0
263.0
263.0
159.0
159.0
231.0
480.0
480.0
13.0
13.0
460.0
460.0
161.0
161.0
93.0
152.0
189.0
205.0
247.0
173.0
100.0
177.0
231.0
213.0
222.0
238.0
244.0
320.0
320.0
304.0
210.0
210.0
246.0
187.0
122.0
143.0
159.0
162.0
143.0
111.0
89.0
12.0
-119.0
-119.0
-154.0
-219.0
-343.0
-343.0
-374.0
-394.0
-421.0
-475.0
-502.0
-484.0
-499.0
-513.0
-513.0
-438.0
-438.0
-373.0
-341.0
-305.0
-270.0
-260.0
-168.0
-168.0
-123.0
-83.0
-38.0
34.0
34.0
72.0
144.0
126.0
103.0
159.0
165.0
144.0
140.0
157.0
151.0
157.0
198.0
229.0
217.0
229.0
510.0
510.0
25.0
25.0
293.0
293.0
268.0
278.0
323.0
301.0
191.0
191.0
202.0
306.0
306.0
173.0
173.0
182.0
205.0
191.0
146.0
202.0
245.0
218.0
207.0
220.0
240.0
225.0
162.0
168.0
215.0
225.0
216.0
302.0
302.0
231.0
231.0
509.0
509.0
201.0
201.0
238.0
496.0
496.0
210.0
210.0
206.0
199.0
226.0
223.0
196.0
182.0
179.0
178.0
153.0
168.0
201.0
230.0
232.0
246.0
233.0
193.0
149.0
113.0
90.0
41.0
22.0
-50.0
-50.0
-99.0
-153.0
-154.0
-137.0
-124.0
-132.0
-156.0
-135.0
-58.0
-2.0
-31.0
-78.0
-38.0
2.0
2.0
67.0
128.0
92.0
43.0
41.0
75.0
71.0
80.0
138.0
154.0
107.0
58.0
92.0
144.0
175.0
181.0
173.0
193.0
198.0
194.0
187.0
200.0
173.0
119.0
111.0
132.0
159.0
166.0
143.0
147.0
174.0
204.0
237.0
233.0
205.0
179.0
167.0
201.0
213.0
191.0
220.0
248.0
285.0
285.0
278.0
280.0
201.0
201.0
233.0
319.0
319.0
202.0
202.0
226.0
253.0
284.0
284.0
304.0
341.0
322.0
310.0
338.0
331.0
361.0
402.0
359.0
355.0
369.0
308.0
261.0
296.0
377.0
411.0
433.0
411.0
388.0
398.0
450.0
502.0
468.0
453.0
458.0
479.0
510.0
756.0
756.0
421.0
421.0
441.0
447.0
432.0
442.0
455.0
506.0
530.0
530.0
514.0
537.0
519.0
473.0
473.0
495.0
537.0
537.0
530.0
605.0
656.0
645.0
638.0
649.0
679.0
715.0
726.0
763.0
820.0
820.0
817.0
859.0
843.0
803.0
821.0
845.0
809.0
742.0
742.0
726.0
735.0
726.0
730.0
724.0
672.0
656.0
731.0
1019.0
1019.0
706.0
706.0
715.0
745.0
1005.0
1005.0
538.0
538.0
759.0
759.0
835.0
835.0
702.0
702.0
742.0
716.0
732.0
740.0
660.0
579.0
547.0
562.0
561.0
550.0
518.0
491.0
491.0
502.0
507.0
758.0
758.0
262.0
262.0
463.0
463.0
461.0
450.0
425.0
430.0
409.0
373.0
372.0
353.0
310.0
331.0
357.0
396.0
441.0
455.0
475.0
520.0
520.0
523.0
557.0
555.0
746.0
746.0
443.0
443.0
435.0
449.0
437.0
443.0
442.0
411.0
397.0
419.0
425.0
398.0
383.0
430.0
445.0
424.0
480.0
565.0
565.0
529.0
262.0
262.0
522.0
522.0
527.0
583.0
571.0
540.0
538.0
581.0
612.0
593.0
578.0
601.0
598.0
596.0
598.0
594.0
662.0
700.0
677.0
672.0
649.0
612.0
629.0
654.0
633.0
659.0
676.0
610.0
540.0
522.0
581.0
586.0
546.0
562.0
543.0
534.0
558.0
466.0
466.0
527.0
527.0
391.0
391.0
421.0
433.0
441.0
488.0
473.0
472.0
485.0
471.0
499.0
488.0
482.0
466.0
463.0
507.0
477.0
412.0
418.0
402.0
370.0
381.0
400.0
409.0
419.0
395.0
388.0
426.0
456.0
487.0
500.0
601.0
601.0
622.0
599.0
596.0
623.0
618.0
633.0
665.0
673.0
639.0
601.0
623.0
677.0
655.0
599.0
559.0
573.0
590.0
585.0
570.0
565.0
604.0
562.0
488.0
488.0
534.0
534.0
520.0
515.0
526.0
536.0
458.0
458.0
430.0
405.0
347.0
311.0
291.0
261.0
173.0
173.0
114.0
63.0
33.0
10.0
-154.0
-154.0
-194.0
-241.0
-347.0
-347.0
-358.0
-375.0
-391.0
-413.0
-431.0
-417.0
-400.0
-419.0
-445.0
-398.0
-347.0
-324.0
-301.0
-270.0
-102.0
-102.0
-144.0
-129.0
-31.0
128.0
128.0
193.0
247.0
245.0
241.0
382.0
382.0
401.0
393.0
408.0
437.0
432.0
456.0
488.0
508.0
752.0
752.0
544.0
544.0
581.0
596.0
623.0
612.0
594.0
593.0
585.0
617.0
609.0
567.0
526.0
438.0
438.0
433.0
451.0
453.0
438.0
449.0
455.0
435.0
422.0
403.0
349.0
308.0
304.0
311.0
287.0
289.0
334.0
350.0
339.0
347.0
374.0
391.0
418.0
442.0
449.0
456.0
496.0
482.0
405.0
369.0
400.0
364.0
196.0
196.0
192.0
145.0
128.0
182.0
196.0
191.0
225.0
231.0
254.0
300.0
300.0
264.0
256.0
299.0
373.0
395.0
387.0
408.0
410.0
385.0
379.0
349.0
343.0
400.0
395.0
348.0
354.0
387.0
409.0
408.0
378.0
349.0
355.0
363.0
354.0
348.0
354.0
359.0
369.0
348.0
339.0
363.0
355.0
341.0
318.0
314.0
324.0
323.0
346.0
336.0
299.0
294.0
301.0
263.0
299.0
336.0
280.0
200.0
200.0
155.0
198.0
218.0
192.0
209.0
220.0
184.0
192.0
229.0
205.0
218.0
272.0
272.0
213.0
213.0
263.0
263.0
206.0
206.0
198.0
201.0
171.0
177.0
222.0
208.0
176.0
165.0
154.0
196.0
210.0
193.0
189.0
181.0
170.0
176.0
165.0
152.0
168.0
193.0
216.0
229.0
232.0
224.0
218.0
234.0
248.0
253.0
229.0
207.0
198.0
171.0
186.0
192.0
184.0
177.0
199.0
251.0
226.0
177.0
159.0
166.0
126.0
110.0
146.0
120.0
123.0
210.0
236.0
168.0
165.0
198.0
231.0
283.0
283.0
272.0
261.0
280.0
353.0
328.0
7.0
7.0
309.0
309.0
348.0
346.0
348.0
315.0
332.0
357.0
320.0
346.0
353.0
316.0
356.0
403.0
426.0
432.0
455.0
447.0
430.0
445.0
424.0
388.0
383.0
440.0
466.0
401.0
372.0
367.0
330.0
312.0
318.0
336.0
314.0
278.0
286.0
304.0
311.0
306.0
302.0
295.0
298.0
304.0
301.0
288.0
317.0
322.0
298.0
347.0
401.0
340.0
263.0
281.0
286.0
273.0
265.0
22.0
22.0
327.0
327.0
317.0
358.0
395.0
374.0
359.0
369.0
359.0
346.0
332.0
334.0
341.0
349.0
363.0
374.0
391.0
402.0
409.0
403.0
391.0
385.0
379.0
354.0
328.0
333.0
358.0
371.0
354.0
315.0
308.0
336.0
330.0
328.0
345.0
338.0
316.0
325.0
332.0
322.0
345.0
363.0
353.0
361.0
408.0
459.0
436.0
397.0
377.0
350.0
355.0
347.0
323.0
325.0
332.0
303.0
272.0
291.0
330.0
335.0
331.0
340.0
326.0
331.0
327.0
280.0
216.0
216.0
198.0
225.0
254.0
272.0
272.0
298.0
327.0
331.0
261.0
251.0
251.0
176.0
96.0
55.0
20.0
61.0
108.0
121.0
93.0
83.0
90.0
103.0
144.0
116.0
92.0
155.0
193.0
210.0
239.0
238.0
208.0
196.0
190.0
178.0
194.0
217.0
223.0
186.0
176.0
199.0
194.0
233.0
272.0
272.0
199.0
199.0
244.0
363.0
363.0
343.0
309.0
342.0
372.0
386.0
343.0
331.0
356.0
339.0
303.0
209.0
209.0
190.0
155.0
134.0
75.0
5.0
-252.0
-252.0
77.0
77.0
33.0
55.0
80.0
75.0
56.0
68.0
110.0
154.0
183.0
196.0
206.0
223.0
226.0
199.0
175.0
177.0
222.0
225.0
204.0
248.0
284.0
284.0
296.0
317.0
357.0
330.0
278.0
325.0
335.0
330.0
367.0
347.0
333.0
396.0
402.0
283.0
238.0
238.0
220.0
241.0
215.0
91.0
40.0
44.0
52.0
85.0
108.0
112.0
110.0
116.0
108.0
112.0
146.0
165.0
163.0
205.0
207.0
177.0
222.0
229.0
198.0
229.0
222.0
225.0
241.0
218.0
198.0
178.0
206.0
253.0
322.0
322.0
189.0
189.0
224.0
379.0
379.0
364.0
330.0
334.0
307.0
381.0
451.0
413.0
355.0
339.0
374.0
416.0
389.0
351.0
312.0
299.0
340.0
308.0
276.0
278.0
276.0
304.0
367.0
341.0
264.0
327.0
379.0
358.0
367.0
351.0
330.0
343.0
339.0
326.0
320.0
280.0
249.0
249.0
273.0
273.0
281.0
260.0
271.0
304.0
288.0
285.0
280.0
262.0
265.0
241.0
241.0
254.0
238.0
285.0
285.0
288.0
265.0
260.0
302.0
296.0
267.0
289.0
275.0
257.0
289.0
306.0
311.0
285.0
207.0
207.0
263.0
263.0
210.0
210.0
194.0
199.0
244.0
318.0
318.0
342.0
286.0
264.0
303.0
319.0
328.0
312.0
283.0
262.0
226.0
226.0
197.0
145.0
100.0
108.0
130.0
104.0
126.0
128.0
76.0
81.0
98.0
122.0
171.0
196.0
184.0
191.0
186.0
205.0
246.0
284.0
284.0
304.0
343.0
334.0
383.0
388.0
357.0
394.0
416.0
432.0
466.0
498.0
507.0
427.0
364.0
382.0
443.0
490.0
422.0
339.0
402.0
422.0
350.0
361.0
371.0
355.0
271.0
181.0
181.0
210.0
241.0
215.0
206.0
229.0
233.0
173.0
154.0
197.0
283.0
283.0
246.0
246.0
315.0
315.0
289.0
272.0
225.0
218.0
231.0
300.0
300.0
283.0
236.0
236.0
205.0
189.0
209.0
205.0
226.0
199.0
131.0
84.0
116.0
158.0
119.0
80.0
140.0
149.0
108.0
134.0
153.0
187.0
154.0
136.0
135.0
110.0
127.0
165.0
190.0
177.0
155.0
169.0
149.0
144.0
176.0
159.0
161.0
177.0
201.0
338.0
338.0
312.0
440.0
239.0
239.0
322.0
322.0
419.0
451.0
418.0
353.0
276.0
260.0
248.0
248.0
216.0
205.0
229.0
182.0
154.0
189.0
194.0
161.0
176.0
197.0
150.0
131.0
199.0
246.0
197.0
152.0
140.0
159.0
206.0
210.0
192.0
220.0
480.0
480.0
238.0
238.0
265.0
265.0
280.0
314.0
340.0
314.0
7.0
7.0
366.0
366.0
294.0
260.0
36.0
36.0
386.0
386.0
435.0
402.0
371.0
365.0
335.0
361.0
347.0
302.0
309.0
302.0
324.0
343.0
374.0
372.0
343.0
327.0
317.0
340.0
335.0
330.0
332.0
304.0
317.0
347.0
324.0
355.0
382.0
353.0
348.0
314.0
278.0
287.0
316.0
374.0
410.0
405.0
433.0
463.0
472.0
444.0
414.0
445.0
490.0
506.0
511.0
479.0
441.0
456.0
463.0
455.0
473.0
430.0
370.0
373.0
391.0
398.0
375.0
363.0
398.0
455.0
449.0
413.0
403.0
400.0
456.0
453.0
404.0
409.0
426.0
433.0
463.0
483.0
463.0
444.0
477.0
500.0
494.0
511.0
457.0
421.0
430.0
437.0
448.0
443.0
467.0
429.0
402.0
417.0
388.0
393.0
390.0
409.0
426.0
463.0
477.0
430.0
441.0
481.0
468.0
419.0
394.0
381.0
357.0
335.0
326.0
338.0
354.0
372.0
394.0
357.0
327.0
356.0
330.0
278.0
285.0
298.0
278.0
299.0
316.0
324.0
343.0
328.0
338.0
334.0
325.0
349.0
385.0
417.0
405.0
387.0
383.0
350.0
340.0
414.0
443.0
359.0
262.0
261.0
298.0
287.0
264.0
223.0
223.0
505.0
505.0
252.0
252.0
295.0
295.0
316.0
331.0
355.0
370.0
350.0
326.0
303.0
366.0
408.0
393.0
381.0
372.0
367.0
333.0
339.0
371.0
389.0
378.0
322.0
284.0
318.0
325.0
291.0
300.0
296.0
320.0
309.0
206.0
206.0
221.0
225.0
221.0
252.0
471.0
471.0
130.0
130.0
115.0
132.0
162.0
145.0
181.0
174.0
129.0
153.0
85.0
56.0
105.0
118.0
108.0
127.0
150.0
152.0
184.0
212.0
202.0
186.0
206.0
179.0
178.0
223.0
217.0
212.0
187.0
185.0
244.0
275.0
275.0
217.0
217.0
225.0
231.0
236.0
248.0
230.0
204.0
229.0
267.0
267.0
259.0
228.0
228.0
225.0
216.0
142.0
124.0
218.0
217.0
190.0
225.0
208.0
171.0
221.0
239.0
190.0
199.0
193.0
182.0
226.0
492.0
492.0
220.0
220.0
202.0
198.0
232.0
209.0
165.0
167.0
212.0
234.0
232.0
283.0
283.0
241.0
241.0
244.0
251.0
232.0
226.0
310.0
310.0
312.0
319.0
314.0
276.0
271.0
348.0
389.0
328.0
261.0
214.0
214.0
177.0
160.0
138.0
107.0
123.0
150.0
174.0
159.0
110.0
72.0
121.0
196.0
193.0
161.0
136.0
106.0
82.0
138.0
165.0
171.0
166.0
123.0
147.0
204.0
196.0
184.0
225.0
228.0
187.0
177.0
191.0
181.0
186.0
169.0
187.0
220.0
245.0
249.0
242.0
263.0
263.0
32.0
32.0
264.0
264.0
285.0
191.0
191.0
208.0
237.0
225.0
304.0
304.0
275.0
257.0
260.0
21.0
21.0
468.0
468.0
161.0
161.0
165.0
193.0
176.0
198.0
215.0
202.0
187.0
181.0
202.0
194.0
145.0
112.0
137.0
171.0
189.0
231.0
222.0
208.0
210.0
189.0
231.0
294.0
294.0
264.0
270.0
307.0
318.0
298.0
236.0
236.0
234.0
240.0
501.0
501.0
298.0
298.0
275.0
267.0
281.0
296.0
289.0
285.0
339.0
402.0
361.0
363.0
398.0
383.0
395.0
409.0
393.0
390.0
416.0
438.0
448.0
436.0
442.0
441.0
419.0
422.0
448.0
447.0
408.0
375.0
411.0
420.0
346.0
311.0
319.0
333.0
307.0
280.0
304.0
308.0
324.0
351.0
348.0
359.0
398.0
468.0
467.0
430.0
494.0
488.0
411.0
401.0
468.0
511.0
745.0
745.0
496.0
496.0
473.0
449.0
422.0
416.0
424.0
458.0
481.0
434.0
369.0
375.0
422.0
388.0
353.0
387.0
380.0
296.0
241.0
241.0
238.0
234.0
229.0
335.0
335.0
300.0
323.0
298.0
275.0
288.0
286.0
275.0
265.0
176.0
176.0
187.0
160.0
158.0
199.0
212.0
165.0
108.0
84.0
103.0
134.0
106.0
82.0
103.0
96.0
84.0
127.0
201.0
218.0
240.0
292.0
292.0
286.0
285.0
348.0
356.0
311.0
298.0
261.0
19.0
19.0
185.0
185.0
204.0
218.0
204.0
216.0
202.0
178.0
167.0
169.0
157.0
184.0
181.0
131.0
103.0
111.0
102.0
129.0
128.0
72.0
97.0
121.0
124.0
153.0
187.0
190.0
199.0
220.0
234.0
212.0
185.0
198.0
209.0
226.0
220.0
157.0
151.0
174.0
167.0
130.0
126.0
155.0
158.0
146.0
162.0
183.0
200.0
193.0
146.0
178.0
202.0
182.0
214.0
198.0
193.0
223.0
174.0
150.0
116.0
89.0
92.0
66.0
88.0
123.0
40.0
-29.0
-29.0
14.0
14.0
29.0
14.0
-206.0
-206.0
8.0
8.0
-38.0
-38.0
4.0
4.0
-252.0
-252.0
-46.0
-46.0
-13.0
-23.0
-8.0
0.0
0.0
21.0
38.0
2.0
19.0
37.0
50.0
115.0
162.0
113.0
36.0
40.0
71.0
100.0
121.0
99.0
50.0
53.0
58.0
36.0
56.0
100.0
97.0
93.0
77.0
33.0
35.0
66.0
73.0
50.0
65.0
53.0
61.0
88.0
99.0
129.0
142.0
123.0
153.0
136.0
73.0
80.0
58.0
-29.0
-29.0
90.0
90.0
88.0
38.0
19.0
66.0
74.0
43.0
42.0
51.0
57.0
50.0
97.0
106.0
22.0
13.0
52.0
32.0
-232.0
-232.0
108.0
108.0
113.0
48.0
21.0
12.0
19.0
4.0
-92.0
-92.0
-115.0
-117.0
-85.0
-22.0
-15.0
-109.0
-156.0
-100.0
-86.0
-78.0
-65.0
-45.0
-17.0
-91.0
-171.0
-137.0
-122.0
-129.0
-64.0
32.0
32.0
-144.0
-144.0
-88.0
-7.0
28.0
28.0
48.0
11.0
-44.0
-44.0
-15.0
142.0
142.0
113.0
66.0
25.0
5.0
64.0
