-180.0
-215.0
-203.0
-172.0
-159.0
-146.0
-124.0
-108.0
-115.0
-105.0
-64.0
-43.0
-72.0
-104.0
-83.0
-74.0
-121.0
-106.0
-47.0
-60.0
-101.0
-127.0
-139.0
-108.0
-77.0
-59.0
-99.0
-157.0
-143.0
-127.0
-124.0
-144.0
-132.0
-127.0
-139.0
-104.0
-83.0
-104.0
-116.0
-125.0
-139.0
-120.0
-144.0
-186.0
-164.0
-129.0
-106.0
-116.0
-149.0
-119.0
-128.0
-186.0
-190.0
-171.0
-127.0
-100.0
-101.0
-36.0
-13.0
-51.0
-57.0
-72.0
-88.0
-68.0
-45.0
-41.0
-8.0
-6.0
-42.0
-21.0
18.0
18.0
16.0
14.0
29.0
-64.0
-64.0
-69.0
-65.0
-83.0
-91.0
-82.0
-114.0
-121.0
-116.0
-179.0
-184.0
-135.0
-143.0
-180.0
-177.0
-109.0
-84.0
-76.0
-53.0
-42.0
-25.0
-21.0
-44.0
-51.0
-54.0
-101.0
-106.0
-89.0
-143.0
-163.0
-121.0
-115.0
-146.0
-168.0
-162.0
-148.0
-94.0
-67.0
-88.0
-74.0
-54.0
-37.0
-47.0
-72.0
-99.0
-88.0
-66.0
-117.0
-155.0
-143.0
-114.0
-97.0
-111.0
-125.0
-97.0
-119.0
-163.0
-153.0
-164.0
-174.0
-169.0
-135.0
-72.0
-93.0
-116.0
-92.0
-111.0
-127.0
-157.0
-174.0
-154.0
-206.0
-248.0
-240.0
-229.0
-177.0
-184.0
-209.0
-219.0
-210.0
-168.0
-159.0
-188.0
-210.0
-198.0
-235.0
-238.0
-245.0
-489.0
-489.0
-214.0
-214.0
-185.0
-151.0
-172.0
-202.0
-162.0
-129.0
-152.0
-166.0
-127.0
-137.0
-179.0
-156.0
-139.0
-136.0
-140.0
-182.0
-226.0
-229.0
-219.0
-224.0
-216.0
-222.0
-213.0
-210.0
-215.0
-159.0
-123.0
-107.0
-92.0
-96.0
-92.0
-55.0
-55.0
-49.0
-43.0
-76.0
-82.0
-80.0
-116.0
-105.0
-90.0
-129.0
-160.0
-122.0
-94.0
-129.0
-146.0
-94.0
-83.0
-132.0
-111.0
-57.0
-76.0
-81.0
-60.0
-75.0
-70.0
-59.0
-38.0
-20.0
-50.0
-111.0
-133.0
-122.0
-111.0
-97.0
-55.0
-28.0
-17.0
-36.0
-85.0
-89.0
-39.0
52.0
52.0
43.0
-21.0
-21.0
-55.0
-93.0
-94.0
-31.0
-8.0
-46.0
-37.0
51.0
51.0
74.0
88.0
99.0
63.0
44.0
71.0
88.0
77.0
69.0
63.0
58.0
9.0
-11.0
-11.0
-47.0
-51.0
-28.0
48.0
48.0
8.0
19.0
49.0
75.0
136.0
199.0
224.0
242.0
231.0
210.0
198.0
171.0
153.0
111.0
59.0
-74.0
-74.0
-146.0
-211.0
-245.0
-501.0
-501.0
-309.0
-309.0
-320.0
-336.0
-383.0
-405.0
-447.0
-472.0
-496.0
-600.0
-600.0
-567.0
-570.0
-626.0
-651.0
-668.0
-698.0
-724.0
-736.0
-764.0
-806.0
-806.0
-845.0
-876.0
-894.0
-874.0
-860.0
-914.0
-963.0
-947.0
-932.0
-917.0
-923.0
-952.0
-948.0
-964.0
-987.0
-991.0
-994.0
-1013.0
-998.0
-961.0
-967.0
-935.0
-874.0
-890.0
-893.0
-849.0
-811.0
-814.0
-807.0
-518.0
-518.0
-718.0
-718.0
-759.0
-766.0
-750.0
-729.0
-715.0
-708.0
-687.0
-679.0
-686.0
-643.0
-618.0
-631.0
-619.0
-570.0
-540.0
-513.0
-502.0
-502.0
-470.0
-443.0
-422.0
-382.0
-352.0
-333.0
-300.0
-240.0
-240.0
-290.0
-290.0
-266.0
-258.0
-14.0
-14.0
-261.0
-261.0
-297.0
-308.0
-312.0
-303.0
-274.0
-280.0
-288.0
-286.0
-274.0
-230.0
-230.0
-237.0
-201.0
-175.0
-136.0
-177.0
-204.0
-171.0
-166.0
-153.0
-178.0
-195.0
-177.0
-215.0
-249.0
-235.0
-239.0
-242.0
-497.0
-497.0
-284.0
-284.0
-249.0
-249.0
-233.0
-225.0
-223.0
-243.0
-279.0
-279.0
-2.0
-2.0
-459.0
-459.0
-18.0
-18.0
-502.0
-502.0
-279.0
-279.0
-258.0
-7.0
-7.0
-501.0
-501.0
-208.0
-208.0
-194.0
-172.0
-202.0
-196.0
-178.0
-143.0
-124.0
-77.0
-83.0
-121.0
-127.0
-164.0
-183.0
-184.0
-186.0
-229.0
-226.0
-156.0
-140.0
-166.0
-167.0
-131.0
-137.0
-156.0
-153.0
-120.0
-82.0
-100.0
-122.0
-109.0
-91.0
-114.0
-147.0
-130.0
-60.0
-69.0
-94.0
-65.0
-68.0
-34.0
32.0
32.0
24.0
-23.0
-23.0
24.0
24.0
2.0
-46.0
-46.0
-121.0
-156.0
-130.0
-111.0
-114.0
-108.0
-153.0
-171.0
-104.0
-72.0
-86.0
-77.0
-62.0
-102.0
-138.0
-119.0
-102.0
-109.0
-65.0
-49.0
-52.0
-26.0
-31.0
-15.0
212.0
212.0
-26.0
-26.0
-28.0
-36.0
227.0
227.0
-90.0
-90.0
-102.0
-82.0
-77.0
-94.0
-91.0
-100.0
-101.0
-77.0
-37.0
-21.0
-25.0
-22.0
-23.0
-53.0
-86.0
-83.0
-112.0
-90.0
-100.0
-143.0
-116.0
-121.0
-78.0
-31.0
-10.0
-12.0
-8.0
218.0
218.0
-36.0
-36.0
-31.0
-57.0
-69.0
-82.0
-123.0
-148.0
-104.0
-91.0
-138.0
-129.0
-111.0
-119.0
-84.0
-69.0
-112.0
-115.0
-97.0
-85.0
-49.0
-7.0
57.0
57.0
10.0
-242.0
-242.0
-14.0
-14.0
18.0
18.0
-61.0
-61.0
-65.0
-36.0
-33.0
-58.0
-66.0
-76.0
-116.0
-75.0
-53.0
-100.0
-132.0
-148.0
-136.0
-124.0
-117.0
-119.0
-116.0
-144.0
-195.0
-254.0
-431.0
-431.0
-476.0
-507.0
-556.0
-556.0
-576.0
-583.0
-586.0
-584.0
-611.0
-692.0
-741.0
-839.0
-839.0
-880.0
-907.0
-905.0
-906.0
-921.0
-952.0
-971.0
-974.0
-945.0
-947.0
-937.0
-850.0
-624.0
-624.0
-514.0
-343.0
-343.0
-184.0
-184.0
-219.0
-298.0
-298.0
-325.0
-422.0
-555.0
-555.0
-588.0
-613.0
-655.0
-718.0
-752.0
-754.0
-725.0
-755.0
-1013.0
-1013.0
-651.0
-651.0
-615.0
-556.0
-530.0
-462.0
-462.0
-455.0
-421.0
-415.0
-402.0
-413.0
-476.0
-588.0
-588.0
-571.0
-658.0
-240.0
-240.0
72.0
72.0
50.0
-94.0
-94.0
-218.0
-376.0
-376.0
-332.0
-127.0
-127.0
-250.0
117.0
117.0
669.0
669.0
864.0
864.0
929.0
966.0
1006.0
1098.0
1098.0
1126.0
1156.0
1208.0
1257.0
1355.0
1355.0
1443.0
1515.0
1562.0
1562.0
1583.0
1598.0
1655.0
1718.0
1686.0
1636.0
1668.0
1676.0
1667.0
1658.0
1630.0
1616.0
1564.0
1563.0
1549.0
1599.0
1480.0
257.0
257.0
170.0
-100.0
-100.0
1247.0
1247.0
2071.0
2071.0
2073.0
2015.0
1207.0
1207.0
537.0
537.0
665.0
469.0
469.0
142.0
142.0
154.0
204.0
312.0
312.0
347.0
405.0
489.0
685.0
685.0
746.0
993.0
993.0
866.0
1128.0
1128.0
1337.0
1337.0
1744.0
1744.0
1868.0
1868.0
1891.0
1896.0
1923.0
1950.0
1959.0
1997.0
2018.0
2001.0
2037.0
2095.0
2095.0
2103.0
2130.0
2168.0
2213.0
2243.0
2198.0
2229.0
1579.0
1579.0
368.0
368.0
-437.0
-437.0
-345.0
793.0
793.0
2798.0
2798.0
2781.0
2781.0
1880.0
1880.0
913.0
913.0
242.0
242.0
-697.0
-697.0
-760.0
-819.0
-819.0
-790.0
-591.0
-591.0
-357.0
-357.0
-89.0
-89.0
114.0
114.0
191.0
240.0
375.0
375.0
425.0
455.0
476.0
511.0
529.0
529.0
558.0
567.0
557.0
559.0
597.0
660.0
723.0
907.0
907.0
1005.0
1167.0
1167.0
1081.0
1540.0
1540.0
1931.0
1931.0
1944.0
1395.0
1395.0
525.0
525.0
-42.0
-42.0
-374.0
-374.0
1060.0
1060.0
2440.0
2440.0
2395.0
1591.0
1591.0
1488.0
557.0
557.0
165.0
165.0
-241.0
-241.0
-347.0
-347.0
-379.0
-365.0
-371.0
-380.0
-370.0
-362.0
-356.0
-347.0
-331.0
-321.0
-313.0
-285.0
-257.0
-207.0
-207.0
-176.0
-141.0
-111.0
-74.0
71.0
71.0
145.0
220.0
420.0
420.0
293.0
712.0
712.0
585.0
878.0
878.0
1531.0
1531.0
1499.0
1894.0
1894.0
1897.0
1432.0
1432.0
458.0
458.0
-463.0
-463.0
-1510.0
-1510.0
468.0
468.0
2280.0
2280.0
2073.0
2073.0
1971.0
1237.0
1237.0
367.0
367.0
-93.0
-93.0
-640.0
-640.0
-712.0
-768.0
-831.0
-831.0
-833.0
-844.0
-867.0
-845.0
-814.0
-826.0
-798.0
-718.0
-718.0
-655.0
-575.0
-530.0
-402.0
-402.0
-301.0
-137.0
-137.0
-18.0
-135.0
82.0
82.0
293.0
293.0
547.0
547.0
924.0
924.0
797.0
1086.0
1086.0
1404.0
1404.0
1835.0
1835.0
1689.0
1689.0
1782.0
1152.0
1152.0
610.0
610.0
-171.0
-171.0
15.0
15.0
1980.0
1980.0
2198.0
2198.0
1608.0
1608.0
1521.0
686.0
686.0
237.0
237.0
-164.0
-164.0
-283.0
-594.0
-594.0
-631.0
-737.0
-737.0
-740.0
-735.0
-747.0
-792.0
-792.0
-759.0
-759.0
-755.0
-713.0
-660.0
-619.0
-556.0
-421.0
-421.0
-327.0
-130.0
-130.0
-50.0
166.0
166.0
240.0
414.0
414.0
665.0
665.0
722.0
749.0
626.0
832.0
832.0
1185.0
1185.0
1286.0
1574.0
1574.0
1310.0
1310.0
1332.0
1208.0
830.0
830.0
-138.0
-138.0
-81.0
1328.0
1328.0
1689.0
1689.0
1222.0
1222.0
678.0
678.0
30.0
30.0
103.0
-406.0
-406.0
-481.0
-651.0
-651.0
-710.0
-720.0
-713.0
-724.0
-758.0
-1006.0
-1006.0
-803.0
-803.0
-778.0
-721.0
-721.0
-672.0
-595.0
-553.0
-399.0
-399.0
-309.0
-120.0
-120.0
-54.0
149.0
149.0
223.0
351.0
351.0
432.0
661.0
661.0
758.0
890.0
890.0
953.0
860.0
1517.0
1517.0
1655.0
1655.0
1639.0
1601.0
1337.0
1337.0
1403.0
1023.0
1023.0
-54.0
-54.0
-117.0
1553.0
1553.0
1848.0
1848.0
1870.0
1363.0
1363.0
895.0
895.0
454.0
454.0
39.0
39.0
-482.0
-482.0
-648.0
-648.0
-697.0
-897.0
-897.0
-932.0
-955.0
-979.0
-1021.0
-1102.0
-1102.0
-1112.0
-1096.0
-1082.0
-1071.0
-1041.0
-917.0
-917.0
-837.0
-660.0
-660.0
-583.0
-426.0
-426.0
-345.0
-262.0
-46.0
-46.0
150.0
150.0
255.0
408.0
408.0
475.0
726.0
726.0
654.0
1148.0
1148.0
1197.0
1188.0
1139.0
1055.0
1161.0
605.0
605.0
376.0
376.0
-274.0
-274.0
-338.0
1194.0
1194.0
1616.0
1616.0
1270.0
1270.0
502.0
502.0
239.0
239.0
-201.0
-201.0
-345.0
-345.0
-451.0
-540.0
-540.0
-562.0
-609.0
-645.0
-670.0
-701.0
-732.0
-763.0
-798.0
-798.0
-805.0
-796.0
-786.0
-713.0
-713.0
-660.0
-590.0
-409.0
-409.0
-311.0
-140.0
-140.0
-53.0
114.0
114.0
205.0
402.0
402.0
499.0
660.0
660.0
704.0
915.0
915.0
836.0
1305.0
1305.0
1635.0
1635.0
1432.0
1432.0
1525.0
1192.0
1192.0
559.0
559.0
-232.0
-232.0
568.0
568.0
2030.0
2030.0
2044.0
1342.0
1342.0
817.0
817.0
464.0
464.0
168.0
168.0
-61.0
-61.0
-445.0
-445.0
-584.0
-584.0
-642.0
-703.0
-741.0
-811.0
-811.0
-827.0
-861.0
-890.0
-898.0
-900.0
-881.0
-854.0
-822.0
-782.0
-703.0
-703.0
-626.0
-554.0
-421.0
-421.0
-337.0
-140.0
-140.0
-39.0
136.0
136.0
241.0
401.0
401.0
618.0
618.0
709.0
926.0
926.0
832.0
1102.0
1102.0
1461.0
1461.0
1439.0
1352.0
1431.0
1202.0
1202.0
635.0
635.0
192.0
192.0
1199.0
1199.0
1953.0
1953.0
1325.0
1325.0
1206.0
511.0
511.0
239.0
239.0
-207.0
-207.0
-256.0
-345.0
-345.0
-395.0
-425.0
-445.0
-494.0
-538.0
-538.0
-529.0
-523.0
-528.0
-522.0
-517.0
-485.0
-485.0
-441.0
-389.0
-344.0
-303.0
-258.0
-169.0
-169.0
-108.0
-31.0
130.0
130.0
184.0
215.0
375.0
375.0
456.0
607.0
607.0
659.0
675.0
908.0
908.0
1009.0
923.0
1468.0
1468.0
1490.0
1459.0
1437.0
1440.0
1449.0
1330.0
1392.0
172.0
172.0
-27.0
-27.0
1330.0
1330.0
2354.0
2354.0
2046.0
2046.0
1024.0
1024.0
1056.0
579.0
579.0
190.0
190.0
-122.0
-122.0
-335.0
-335.0
-705.0
-705.0
-764.0
-857.0
-857.0
-885.0
-898.0
-936.0
-980.0
-990.0
-979.0
-991.0
-978.0
-952.0
-924.0
-868.0
-812.0
-712.0
-712.0
-661.0
-563.0
-423.0
-423.0
-349.0
-265.0
-84.0
-84.0
150.0
150.0
255.0
440.0
440.0
597.0
597.0
617.0
640.0
755.0
632.0
909.0
909.0
1033.0
1324.0
1324.0
1320.0
1295.0
1162.0
1162.0
1241.0
635.0
635.0
179.0
179.0
1524.0
1524.0
2081.0
2081.0
2023.0
1094.0
1094.0
654.0
654.0
20.0
20.0
-190.0
-190.0
-311.0
-311.0
-350.0
-378.0
-383.0
-372.0
-359.0
-327.0
-311.0
-295.0
-265.0
-215.0
-215.0
-206.0
-200.0
-179.0
-139.0
-109.0
-112.0
-102.0
-49.0
22.0
22.0
57.0
122.0
154.0
169.0
199.0
355.0
355.0
404.0
453.0
507.0
582.0
582.0
613.0
636.0
677.0
728.0
885.0
885.0
799.0
1074.0
1074.0
1388.0
1388.0
1373.0
1321.0
1233.0
1233.0
1123.0
1205.0
447.0
447.0
623.0
623.0
2192.0
2192.0
2406.0
2406.0
1425.0
1425.0
837.0
837.0
306.0
306.0
-241.0
-241.0
-374.0
-374.0
-387.0
-423.0
-439.0
-409.0
-343.0
-278.0
-215.0
-215.0
-138.0
-73.0
-42.0
-3.0
52.0
52.0
92.0
124.0
163.0
208.0
343.0
343.0
358.0
341.0
374.0
426.0
467.0
479.0
490.0
599.0
599.0
683.0
763.0
866.0
866.0
915.0
974.0
1127.0
1127.0
1247.0
1123.0
1491.0
1491.0
1498.0
1479.0
1459.0
1476.0
1408.0
1490.0
313.0
313.0
-11.0
-11.0
962.0
962.0
2008.0
2008.0
1987.0
1359.0
1359.0
882.0
882.0
460.0
460.0
198.0
198.0
-170.0
-170.0
-201.0
-284.0
-284.0
-276.0
-263.0
-207.0
-207.0
-178.0
-170.0
-174.0
-161.0
-159.0
-141.0
-131.0
-154.0
-138.0
-140.0
-167.0
-143.0
-89.0
-33.0
-30.0
-10.0
69.0
69.0
111.0
158.0
223.0
286.0
286.0
342.0
410.0
477.0
628.0
628.0
711.0
915.0
915.0
843.0
1468.0
1468.0
1561.0
1561.0
1539.0
1549.0
1619.0
1567.0
1032.0
1032.0
-37.0
-37.0
323.0
323.0
2193.0
2193.0
2370.0
2370.0
1681.0
1681.0
783.0
783.0
738.0
-183.0
-183.0
-340.0
-340.0
-343.0
-360.0
-383.0
-347.0
-274.0
-192.0
-192.0
-131.0
-61.0
71.0
71.0
115.0
174.0
225.0
253.0
328.0
328.0
364.0
374.0
391.0
425.0
474.0
766.0
766.0
552.0
552.0
579.0
578.0
574.0
606.0
651.0
691.0
716.0
746.0
869.0
869.0
928.0
979.0
1140.0
1140.0
1173.0
1173.0
1369.0
1369.0
1750.0
1750.0
1790.0
1718.0
1529.0
1529.0
-230.0
-230.0
-195.0
1037.0
1037.0
2382.0
2382.0
2311.0
2208.0
1375.0
1375.0
822.0
822.0
433.0
433.0
205.0
205.0
-168.0
-168.0
-166.0
-141.0
-131.0
-133.0
-119.0
-107.0
-94.0
-68.0
-36.0
-39.0
-25.0
79.0
79.0
110.0
143.0
190.0
237.0
311.0
311.0
338.0
379.0
394.0
401.0
408.0
418.0
450.0
475.0
537.0
537.0
544.0
605.0
670.0
712.0
913.0
913.0
801.0
1176.0
1176.0
1652.0
1652.0
1704.0
1711.0
1690.0
1645.0
1587.0
1704.0
1171.0
1171.0
-26.0
-26.0
14.0
14.0
1741.0
1741.0
2319.0
2319.0
1624.0
1624.0
590.0
590.0
11.0
11.0
-99.0
-394.0
-394.0
-352.0
-311.0
-284.0
-129.0
-129.0
-104.0
-38.0
85.0
85.0
142.0
136.0
134.0
183.0
221.0
246.0
490.0
490.0
30.0
30.0
372.0
372.0
388.0
447.0
466.0
499.0
599.0
599.0
608.0
616.0
647.0
696.0
724.0
756.0
884.0
884.0
975.0
1060.0
1060.0
1150.0
1071.0
1314.0
1314.0
1605.0
1605.0
1613.0
1694.0
1770.0
1698.0
1738.0
351.0
351.0
-28.0
-28.0
74.0
1912.0
1912.0
2265.0
2265.0
1352.0
1352.0
823.0
823.0
410.0
410.0
235.0
235.0
-50.0
-50.0
-31.0
-72.0
-88.0
-49.0
-11.0
29.0
29.0
35.0
42.0
61.0
100.0
120.0
118.0
147.0
127.0
93.0
122.0
153.0
170.0
163.0
152.0
176.0
191.0
190.0
225.0
249.0
294.0
294.0
307.0
293.0
314.0
353.0
382.0
401.0
452.0
511.0
540.0
540.0
624.0
743.0
1012.0
1012.0
1172.0
1172.0
1155.0
1078.0
1014.0
1014.0
965.0
967.0
200.0
200.0
-619.0
-619.0
395.0
395.0
1619.0
1619.0
1587.0
1469.0
562.0
562.0
85.0
85.0
-493.0
-493.0
-599.0
-599.0
-579.0
-434.0
-434.0
-403.0
-362.0
-317.0
-279.0
-169.0
-169.0
-129.0
-84.0
-57.0
-59.0
-36.0
28.0
28.0
56.0
90.0
124.0
163.0
194.0
236.0
327.0
327.0
363.0
430.0
443.0
391.0
416.0
472.0
487.0
492.0
582.0
582.0
606.0
644.0
693.0
727.0
837.0
837.0
845.0
884.0
906.0
906.0
1487.0
1487.0
1614.0
1614.0
1538.0
1473.0
1473.0
1453.0
1503.0
718.0
718.0
47.0
47.0
1188.0
1188.0
2340.0
2340.0
2320.0
1734.0
1734.0
913.0
913.0
487.0
487.0
226.0
226.0
-140.0
-140.0
-187.0
-232.0
-254.0
-281.0
-281.0
-311.0
-313.0
-300.0
-308.0
-339.0
-333.0
-288.0
-274.0
-309.0
-315.0
-280.0
-272.0
-286.0
-282.0
-280.0
-262.0
-250.0
-250.0
-225.0
-169.0
-129.0
-139.0
-130.0
-83.0
-8.0
90.0
90.0
160.0
221.0
324.0
324.0
349.0
357.0
381.0
453.0
683.0
683.0
577.0
939.0
939.0
957.0
923.0
853.0
821.0
777.0
604.0
604.0
-29.0
-29.0
-357.0
-357.0
1149.0
1149.0
1950.0
1950.0
1401.0
1401.0
359.0
359.0
-190.0
-190.0
-310.0
-657.0
-657.0
-645.0
-605.0
-537.0
-413.0
-413.0
-373.0
-340.0
-209.0
-209.0
-183.0
-96.0
-8.0
131.0
131.0
208.0
304.0
304.0
324.0
339.0
372.0
386.0
388.0
426.0
440.0
430.0
424.0
464.0
467.0
451.0
505.0
520.0
520.0
585.0
630.0
675.0
749.0
875.0
875.0
966.0
1169.0
1169.0
1096.0
1353.0
1353.0
1728.0
1728.0
1777.0
1837.0
1837.0
1862.0
1875.0
939.0
939.0
-57.0
-57.0
970.0
970.0
2168.0
2168.0
2062.0
2062.0
1453.0
1453.0
582.0
582.0
229.0
229.0
-234.0
-234.0
-313.0
-313.0
-303.0
-295.0
-273.0
-254.0
-254.0
-237.0
-231.0
-216.0
-186.0
-175.0
-176.0
-152.0
-123.0
-116.0
-122.0
-100.0
-74.0
-62.0
-53.0
-17.0
-2.0
-15.0
28.0
28.0
12.0
1.0
25.0
74.0
63.0
32.0
29.0
72.0
132.0
179.0
240.0
346.0
346.0
345.0
394.0
276.0
586.0
586.0
950.0
950.0
947.0
896.0
871.0
888.0
1011.0
475.0
475.0
-698.0
-698.0
-312.0
-312.0
1192.0
1192.0
1281.0
1281.0
767.0
767.0
-89.0
-89.0
-572.0
-572.0
-933.0
-933.0
-921.0
-889.0
-814.0
-719.0
-719.0
-629.0
-554.0
-433.0
-433.0
-363.0
-262.0
-107.0
-107.0
-27.0
99.0
99.0
160.0
207.0
300.0
300.0
304.0
327.0
377.0
409.0
346.0
316.0
363.0
346.0
304.0
317.0
346.0
388.0
406.0
432.0
492.0
656.0
656.0
728.0
958.0
958.0
1157.0
1157.0
1251.0
1383.0
1383.0
1400.0
1491.0
1379.0
1648.0
1648.0
296.0
296.0
-650.0
-650.0
364.0
364.0
1602.0
1602.0
1652.0
1076.0
1076.0
989.0
145.0
145.0
-258.0
-258.0
-657.0
-657.0
-615.0
-521.0
-333.0
-333.0
-125.0
-125.0
-62.0
-18.0
150.0
150.0
201.0
372.0
372.0
381.0
426.0
460.0
483.0
764.0
764.0
561.0
561.0
583.0
614.0
618.0
617.0
657.0
692.0
711.0
709.0
712.0
754.0
813.0
813.0
845.0
892.0
949.0
1002.0
1081.0
1081.0
1140.0
1167.0
1210.0
1255.0
1232.0
1194.0
1202.0
1115.0
1428.0
1428.0
583.0
583.0
-519.0
-519.0
-558.0
658.0
658.0
1075.0
1075.0
1180.0
543.0
543.0
622.0
201.0
201.0
-99.0
-99.0
-383.0
-383.0
-368.0
-285.0
-100.0
-100.0
-35.0
124.0
124.0
208.0
353.0
353.0
422.0
465.0
482.0
473.0
507.0
547.0
547.0
555.0
553.0
547.0
559.0
543.0
474.0
474.0
441.0
418.0
387.0
364.0
403.0
436.0
475.0
592.0
592.0
615.0
685.0
821.0
821.0
877.0
929.0
992.0
1030.0
1030.0
989.0
989.0
1022.0
1209.0
1209.0
1234.0
1234.0
-442.0
-442.0
-1434.0
-1434.0
-313.0
-313.0
582.0
582.0
705.0
427.0
427.0
118.0
118.0
-457.0
-457.0
-637.0
-637.0
-626.0
-585.0
-365.0
-365.0
-278.0
-170.0
-170.0
-93.0
-17.0
112.0
112.0
163.0
204.0
232.0
240.0
252.0
269.0
269.0
260.0
294.0
307.0
294.0
279.0
298.0
333.0
355.0
379.0
388.0
370.0
412.0
484.0
561.0
561.0
631.0
694.0
757.0
856.0
856.0
879.0
939.0
966.0
919.0
844.0
816.0
860.0
979.0
1056.0
1056.0
1175.0
-54.0
-54.0
-1065.0
-1065.0
-1002.0
450.0
450.0
537.0
644.0
644.0
571.0
353.0
353.0
458.0
215.0
215.0
-124.0
-124.0
-130.0
-72.0
60.0
60.0
88.0
129.0
181.0
237.0
288.0
288.0
340.0
371.0
374.0
417.0
432.0
391.0
397.0
425.0
442.0
451.0
417.0
374.0
366.0
364.0
348.0
336.0
306.0
261.0
238.0
238.0
251.0
245.0
299.0
299.0
315.0
341.0
435.0
505.0
639.0
639.0
736.0
764.0
735.0
732.0
843.0
843.0
1476.0
1476.0
1179.0
1179.0
-577.0
-577.0
-871.0
-871.0
508.0
508.0
1130.0
1130.0
1179.0
762.0
762.0
484.0
484.0
-264.0
-264.0
-525.0
-525.0
-853.0
-853.0
-820.0
-786.0
-678.0
-678.0
-633.0
-600.0
-555.0
-474.0
-474.0
-485.0
-482.0
-480.0
-504.0
-575.0
-575.0
-592.0
-615.0
-638.0
-650.0
-670.0
-689.0
-692.0
-685.0
-662.0
-666.0
-687.0
-642.0
-615.0
-606.0
-568.0
-530.0
-422.0
-422.0
-373.0
-319.0
-182.0
-182.0
-119.0
-58.0
158.0
158.0
58.0
390.0
390.0
537.0
537.0
857.0
857.0
791.0
1241.0
1241.0
873.0
873.0
-809.0
-809.0
196.0
196.0
273.0
273.0
1041.0
1041.0
590.0
590.0
218.0
218.0
-757.0
-757.0
-977.0
-977.0
-1277.0
-1277.0
-958.0
-958.0
-892.0
-856.0
-837.0
-812.0
-799.0
-787.0
-771.0
-766.0
-766.0
-800.0
-800.0
-822.0
-827.0
-830.0
-846.0
-854.0
-856.0
-849.0
-853.0
-842.0
-811.0
-799.0
-680.0
-680.0
-682.0
-673.0
-619.0
-568.0
-427.0
-427.0
-371.0
-301.0
-273.0
-154.0
-154.0
-77.0
139.0
139.0
230.0
102.0
680.0
680.0
757.0
811.0
811.0
898.0
825.0
1028.0
1028.0
1091.0
-556.0
-556.0
-927.0
-927.0
482.0
482.0
1449.0
1449.0
1452.0
782.0
782.0
710.0
-26.0
-26.0
-320.0
-320.0
-695.0
-695.0
-709.0
-734.0
-718.0
-689.0
-715.0
-740.0
-748.0
-740.0
-758.0
-780.0
-780.0
-788.0
-799.0
-809.0
-811.0
-805.0
-813.0
-814.0
-817.0
-819.0
-778.0
-742.0
-742.0
-752.0
-723.0
-687.0
-651.0
-605.0
-551.0
-536.0
-513.0
-368.0
-368.0
-298.0
-163.0
-163.0
-93.0
-19.0
119.0
119.0
206.0
94.0
389.0
389.0
918.0
918.0
976.0
1095.0
1095.0
1196.0
1264.0
1117.0
1117.0
-150.0
-150.0
-340.0
-340.0
-248.0
1188.0
1188.0
1478.0
1478.0
948.0
948.0
194.0
194.0
-438.0
-438.0
-562.0
-562.0
-586.0
-578.0
-566.0
-547.0
-453.0
-453.0
-433.0
-402.0
-350.0
-320.0
-290.0
-257.0
-171.0
-171.0
-117.0
-73.0
-50.0
-14.0
29.0
29.0
69.0
81.0
115.0
160.0
147.0
178.0
221.0
244.0
270.0
270.0
293.0
306.0
315.0
324.0
353.0
416.0
506.0
624.0
624.0
689.0
891.0
891.0
774.0
1113.0
1113.0
1336.0
1336.0
1641.0
1641.0
1602.0
1580.0
1557.0
1623.0
910.0
910.0
-215.0
-215.0
80.0
80.0
1430.0
1430.0
1384.0
1384.0
984.0
984.0
187.0
187.0
-438.0
-438.0
-634.0
-634.0
-666.0
-690.0
-684.0
-680.0
-635.0
-617.0
-625.0
-609.0
-601.0
-606.0
-610.0
-616.0
-599.0
-582.0
-578.0
-546.0
-527.0
-539.0
-523.0
-493.0
-493.0
-491.0
-488.0
-466.0
-439.0
-434.0
-452.0
-465.0
-473.0
-455.0
-451.0
-454.0
-451.0
-469.0
-444.0
-427.0
-413.0
-397.0
-388.0
-352.0
-305.0
-277.0
-262.0
-68.0
-68.0
-161.0
372.0
372.0
395.0
362.0
320.0
401.0
459.0
507.0
507.0
-644.0
-644.0
-1314.0
-1314.0
-765.0
-765.0
733.0
733.0
525.0
525.0
406.0
-446.0
-446.0
-942.0
-942.0
-1352.0
-1352.0
-1309.0
-1188.0
-1188.0
-1087.0
-872.0
-872.0
-799.0
-676.0
-676.0
-635.0
-568.0
-400.0
-400.0
-372.0
-347.0
-290.0
-202.0
-202.0
-178.0
-161.0
-107.0
-84.0
-68.0
-23.0
-11.0
-7.0
-5.0
-10.0
6.0
6.0
21.0
34.0
27.0
55.0
104.0
132.0
177.0
231.0
315.0
315.0
380.0
460.0
503.0
521.0
521.0
846.0
846.0
1090.0
1090.0
1531.0
1531.0
1063.0
1063.0
766.0
766.0
-430.0
-430.0
-752.0
-752.0
560.0
560.0
1721.0
1721.0
1107.0
1107.0
543.0
543.0
457.0
-304.0
-304.0
-767.0
-767.0
-775.0
-775.0
-711.0
-711.0
-697.0
-680.0
-622.0
-618.0
-605.0
-558.0
-546.0
-527.0
-494.0
-494.0
-465.0
-444.0
-434.0
-417.0
-404.0
-423.0
-391.0
-386.0
-449.0
-450.0
-423.0
-435.0
-455.0
-484.0
-500.0
-475.0
-452.0
-431.0
-419.0
-386.0
-320.0
-266.0
-156.0
-156.0
-115.0
-104.0
-73.0
-10.0
138.0
138.0
15.0
456.0
456.0
497.0
505.0
555.0
555.0
560.0
626.0
-122.0
-122.0
-1231.0
-1231.0
-1660.0
-1660.0
-370.0
-370.0
414.0
414.0
-1.0
-1.0
-451.0
-451.0
-849.0
-849.0
-1160.0
-1160.0
-1073.0
-856.0
-856.0
-949.0
-710.0
-710.0
-477.0
-477.0
-21.0
-21.0
121.0
121.0
205.0
322.0
322.0
369.0
429.0
437.0
405.0
398.0
409.0
382.0
335.0
310.0
256.0
165.0
165.0
127.0
103.0
84.0
91.0
114.0
136.0
181.0
331.0
331.0
385.0
461.0
691.0
691.0
877.0
877.0
887.0
883.0
855.0
872.0
966.0
1070.0
1070.0
1120.0
467.0
467.0
-851.0
-851.0
-1500.0
-1500.0
-659.0
-659.0
175.0
175.0
-38.0
-38.0
-399.0
-399.0
-472.0
-768.0
-768.0
-426.0
-426.0
-345.0
-469.0
-191.0
-191.0
56.0
56.0
504.0
504.0
607.0
607.0
654.0
701.0
730.0
751.0
757.0
762.0
1019.0
1019.0
1022.0
1022.0
646.0
646.0
626.0
584.0
528.0
440.0
440.0
438.0
424.0
398.0
436.0
444.0
442.0
569.0
569.0
584.0
629.0
689.0
736.0
761.0
821.0
821.0
810.0
859.0
891.0
918.0
981.0
934.0
913.0
108.0
108.0
-1147.0
-1147.0
-1244.0
-1244.0
-732.0
-732.0
311.0
311.0
396.0
396.0
400.0
383.0
501.0
239.0
239.0
-169.0
-169.0
-194.0
-155.0
-90.0
-45.0
60.0
60.0
107.0
77.0
37.0
40.0
45.0
21.0
-51.0
-51.0
-107.0
-159.0
-177.0
-183.0
-227.0
-351.0
-351.0
-387.0
-410.0
-452.0
-475.0
-467.0
-464.0
-468.0
-452.0
-425.0
-406.0
-371.0
-334.0
-316.0
-269.0
-198.0
-198.0
-177.0
-140.0
-112.0
-82.0
-7.0
161.0
161.0
224.0
458.0
458.0
505.0
511.0
549.0
549.0
646.0
751.0
909.0
909.0
244.0
244.0
-1173.0
-1173.0
-1164.0
-403.0
-403.0
844.0
844.0
917.0
439.0
439.0
-249.0
-249.0
-209.0
-629.0
-629.0
-769.0
-769.0
-958.0
-958.0
-917.0
-905.0
-898.0
-883.0
-869.0
-845.0
-811.0
-782.0
-720.0
-720.0
-695.0
-665.0
-616.0
-585.0
-561.0
-525.0
-480.0
-480.0
-482.0
-469.0
-429.0
-387.0
-373.0
-363.0
-366.0
-344.0
-323.0
-315.0
-304.0
-288.0
-209.0
-209.0
-155.0
-115.0
-74.0
-37.0
-8.0
102.0
102.0
185.0
467.0
467.0
374.0
526.0
526.0
885.0
885.0
996.0
996.0
1087.0
1106.0
1106.0
-369.0
-369.0
-909.0
-909.0
364.0
364.0
1241.0
1241.0
1219.0
1219.0
320.0
320.0
-149.0
-149.0
-663.0
-663.0
-728.0
-743.0
-728.0
-708.0
-681.0
-647.0
-617.0
-594.0
-582.0
-564.0
-533.0
-496.0
-496.0
-467.0
-436.0
-413.0
-399.0
-379.0
-364.0
-352.0
-332.0
-309.0
-284.0
-263.0
-215.0
-215.0
-207.0
-219.0
-221.0
-210.0
-196.0
-171.0
-143.0
-124.0
-86.0
-19.0
17.0
17.0
27.0
67.0
92.0
102.0
127.0
183.0
237.0
408.0
408.0
628.0
628.0
722.0
766.0
1022.0
1022.0
838.0
838.0
939.0
892.0
774.0
-89.0
-89.0
-1068.0
-1068.0
-700.0
-700.0
192.0
192.0
351.0
351.0
-226.0
-226.0
-601.0
-601.0
-816.0
-816.0
-1168.0
-1168.0
-1187.0
-1184.0
-1101.0
-1101.0
-1063.0
-1043.0
-1040.0
-993.0
-993.0
-1002.0
-969.0
-931.0
-897.0
-866.0
-839.0
-820.0
-810.0
-798.0
-788.0
-779.0
-780.0
-771.0
-757.0
-757.0
-750.0
-712.0
-715.0
-757.0
-751.0
-743.0
-748.0
-755.0
-995.0
-995.0
-608.0
-608.0
-547.0
-451.0
-451.0
-404.0
-374.0
-316.0
-86.0
-86.0
-209.0
123.0
123.0
649.0
649.0
730.0
753.0
750.0
922.0
922.0
1009.0
134.0
134.0
-1107.0
-1107.0
-697.0
-697.0
476.0
476.0
561.0
561.0
116.0
116.0
-448.0
-448.0
-783.0
-783.0
-1225.0
-1225.0
-1257.0
-1249.0
-1210.0
-1181.0
-1164.0
-1165.0
-1168.0
-1157.0
-1148.0
-1134.0
-1103.0
-1077.0
-1053.0
-1006.0
-1006.0
-994.0
-976.0
-949.0
-921.0
-897.0
-876.0
-858.0
-838.0
-819.0
-797.0
-764.0
-764.0
-1016.0
-1016.0
-757.0
-757.0
-747.0
-729.0
-700.0
-639.0
-552.0
-430.0
-430.0
-386.0
-329.0
-264.0
-86.0
-86.0
-209.0
79.0
79.0
322.0
322.0
710.0
710.0
718.0
723.0
894.0
894.0
884.0
985.0
-68.0
-68.0
-1181.0
-1181.0
-612.0
-612.0
419.0
419.0
328.0
386.0
-36.0
-36.0
-361.0
-361.0
-766.0
-766.0
-781.0
-781.0
-795.0
-792.0
-783.0
-787.0
-802.0
-828.0
-860.0
-894.0
-928.0
-953.0
-961.0
-952.0
-938.0
-925.0
-907.0
-880.0
-857.0
-844.0
-822.0
-784.0
-725.0
-725.0
-695.0
-663.0
-635.0
-588.0
-547.0
-515.0
-469.0
-469.0
-436.0
-398.0
-359.0
-315.0
-195.0
-195.0
-132.0
-55.0
50.0
50.0
102.0
155.0
239.0
498.0
498.0
392.0
890.0
890.0
932.0
942.0
950.0
985.0
1008.0
914.0
842.0
206.0
206.0
-1018.0
-1018.0
-487.0
-487.0
409.0
409.0
528.0
528.0
508.0
-491.0
-491.0
-433.0
-905.0
-905.0
-940.0
-923.0
-878.0
-829.0
-789.0
-670.0
-670.0
-605.0
-570.0
-535.0
-473.0
-473.0
-476.0
-474.0
-485.0
-481.0
-469.0
-464.0
-449.0
-441.0
-442.0
-429.0
-413.0
-410.0
-415.0
-406.0
-400.0
-411.0
-425.0
-438.0
-450.0
-467.0
-481.0
-498.0
-509.0
-489.0
-454.0
-405.0
-333.0
-263.0
-162.0
-162.0
-117.0
-61.0
157.0
157.0
51.0
315.0
315.0
672.0
672.0
695.0
751.0
887.0
887.0
812.0
894.0
-415.0
-415.0
-1242.0
-1242.0
-644.0
-644.0
84.0
84.0
248.0
248.0
-293.0
-293.0
-944.0
-944.0
-826.0
-1190.0
-1190.0
-1204.0
-1141.0
-1054.0
-903.0
-903.0
-812.0
-670.0
-670.0
-600.0
-537.0
-447.0
-447.0
-409.0
-373.0
-340.0
-301.0
-270.0
-245.0
-245.0
-224.0
-195.0
-179.0
-169.0
-159.0
-131.0
-107.0
-115.0
-111.0
-100.0
-112.0
-82.0
-49.0
-45.0
-11.0
104.0
104.0
145.0
210.0
362.0
362.0
442.0
623.0
623.0
728.0
853.0
853.0
872.0
884.0
911.0
971.0
1225.0
1225.0
710.0
710.0
-607.0
-607.0
-1403.0
-1403.0
-865.0
-865.0
-52.0
-52.0
-122.0
-49.0
-311.0
-311.0
-668.0
-668.0
-700.0
-682.0
-626.0
-529.0
-309.0
-309.0
-75.0
-75.0
106.0
106.0
174.0
216.0
319.0
319.0
382.0
432.0
476.0
507.0
581.0
581.0
600.0
625.0
657.0
676.0
704.0
716.0
695.0
684.0
675.0
657.0
637.0
606.0
559.0
526.0
515.0
518.0
529.0
553.0
583.0
599.0
620.0
669.0
708.0
701.0
687.0
703.0
755.0
936.0
936.0
994.0
976.0
1010.0
1010.0
66.0
66.0
-959.0
-959.0
-1010.0
-1017.0
-940.0
-835.0
-952.0
-623.0
-623.0
-603.0
-591.0
-560.0
-429.0
-429.0
-437.0
-434.0
-443.0
-458.0
-473.0
-475.0
-483.0
-465.0
-415.0
-357.0
-292.0
-148.0
-148.0
-72.0
-6.0
111.0
111.0
165.0
223.0
317.0
317.0
371.0
422.0
437.0
436.0
451.0
466.0
471.0
419.0
356.0
327.0
301.0
279.0
221.0
221.0
231.0
240.0
233.0
223.0
249.0
276.0
276.0
217.0
217.0
189.0
202.0
233.0
307.0
307.0
302.0
275.0
83.0
83.0
189.0
-64.0
-64.0
-373.0
-373.0
-370.0
-333.0
-327.0
-343.0
-353.0
-372.0
-383.0
-349.0
-290.0
-138.0
-138.0
-51.0
45.0
45.0
55.0
49.0
21.0
-140.0
-140.0
-17.0
-306.0
-306.0
-580.0
-580.0
-995.0
-995.0
-1270.0
-1270.0
-904.0
-904.0
-817.0
-578.0
-578.0
-690.0
-364.0
-364.0
238.0
238.0
152.0
696.0
696.0
910.0
910.0
1007.0
1192.0
1192.0
1261.0
1358.0
1358.0
1388.0
1415.0
1431.0
1434.0
1428.0
1414.0
1386.0
1349.0
1306.0
1245.0
1245.0
1227.0
1190.0
1151.0
1130.0
1092.0
1024.0
853.0
853.0
615.0
615.0
377.0
377.0
488.0
199.0
199.0
-84.0
-84.0
-367.0
-367.0
-669.0
-669.0
-1221.0
-1221.0
-1485.0
-1485.0
-1362.0
-1784.0
-1784.0
-1802.0
-1802.0
-2143.0
-2143.0
-2187.0
-2232.0
-2288.0
-2249.0
-2155.0
-2115.0
-1872.0
-1872.0
-1658.0
-1658.0
-1543.0
-1398.0
-1398.0
-1283.0
-1222.0
-1222.0
-1213.0
-1215.0
-1229.0
-1234.0
-1235.0
-1266.0
-1394.0
-1394.0
-1462.0
-1523.0
-1709.0
-1709.0
-1889.0
-1889.0
-1952.0
-2009.0
-2112.0
-2112.0
-2141.0
-2152.0
-2179.0
-2184.0
-2156.0
-2158.0
-2148.0
-2128.0
-2100.0
-1981.0
-1981.0
-1947.0
-1900.0
-1830.0
-1659.0
-1659.0
-1582.0
-1418.0
-1418.0
-1341.0
-1164.0
-1164.0
-1066.0
-908.0
-908.0
-828.0
-697.0
-697.0
-625.0
-545.0
-477.0
-477.0
-447.0
-441.0
-474.0
-492.0
-509.0
-582.0
-582.0
-611.0
-674.0
-737.0
-875.0
-875.0
-947.0
-1154.0
-1154.0
-1244.0
-1429.0
-1429.0
-1529.0
-1688.0
-1688.0
-1771.0
-1881.0
-1881.0
-1968.0
-2101.0
-2101.0
-2130.0
-2191.0
-2224.0
-2240.0
-2261.0
-2282.0
-2292.0
-2272.0
-2253.0
-2226.0
-2198.0
-2194.0
-2163.0
-2116.0
-2123.0
-2124.0
-2075.0
-2056.0
-2004.0
-2004.0
-2019.0
-2027.0
-2025.0
-2030.0
-2018.0
-2019.0
-2010.0
-1995.0
-2012.0
-2095.0
-2095.0
-2121.0
-2184.0
-2242.0
-2299.0
-2374.0
-2374.0
-2405.0
-2435.0
-2476.0
-2513.0
-2507.0
-2505.0
-2523.0
-2527.0
-2532.0
-2514.0
-2472.0
-2451.0
-2423.0
-2382.0
-2337.0
-2239.0
-2239.0
-2185.0
-2127.0
-1926.0
-1926.0
-1856.0
-1703.0
-1703.0
-1622.0
-1745.0
-1443.0
-1443.0
-1380.0
-1322.0
-1298.0
-1261.0
-1261.0
-1280.0
-1288.0
-1288.0
-1339.0
-1407.0
-1424.0
-1425.0
-1458.0
-1501.0
-1563.0
-1563.0
-1560.0
-1590.0
-1573.0
-1560.0
-1582.0
-1584.0
-1591.0
-1602.0
-1603.0
-1598.0
-1565.0
-1535.0
-1535.0
-1520.0
-1488.0
-1494.0
-1518.0
-1510.0
-1492.0
-1495.0
-1499.0
-1469.0
-1424.0
-1382.0
-1325.0
-1285.0
-1180.0
-1180.0
-1195.0
-1227.0
-1332.0
-1332.0
-1363.0
-1410.0
-1469.0
-1529.0
-1589.0
-1589.0
-1559.0
-1474.0
-1474.0
-1448.0
-1432.0
-1449.0
-1466.0
-1456.0
-1426.0
-1406.0
-1411.0
-1426.0
-1426.0
-1448.0
-1469.0
-1460.0
-1425.0
-1384.0
-1328.0
-1186.0
-1186.0
-1120.0
-1057.0
-961.0
-961.0
-920.0
-884.0
-856.0
-837.0
-819.0
-795.0
-787.0
-796.0
-803.0
-827.0
-860.0
-883.0
-900.0
-931.0
-972.0
-1015.0
-1109.0
-1109.0
-1140.0
-1173.0
-1218.0
-1258.0
-1341.0
-1341.0
-1367.0
-1391.0
-1435.0
-1446.0
-1432.0
-1454.0
-1481.0
-1508.0
-1525.0
-1531.0
-1544.0
-1544.0
-1295.0
-1295.0
-1701.0
-1701.0
-1654.0
-1582.0
-1573.0
-1575.0
-1472.0
-1472.0
-1454.0
-1433.0
-1405.0
-1393.0
-1363.0
-1333.0
-1313.0
-1298.0
-1294.0
-1301.0
-1313.0
-1331.0
-1353.0
-1379.0
-1418.0
-1446.0
-1465.0
-1517.0
-1595.0
-1595.0
-1618.0
-1638.0
-1622.0
-1610.0
-1619.0
-1635.0
-1638.0
-1641.0
-1653.0
-1656.0
-1623.0
-1584.0
-1545.0
-1484.0
-1484.0
-1461.0
-1443.0
-1422.0
-1401.0
-1411.0
-1395.0
-1332.0
-1301.0
-1026.0
-1026.0
-1490.0
-1490.0
-1188.0
-1188.0
-1175.0
-1163.0
-1158.0
-1139.0
-1100.0
-1088.0
-1112.0
-1100.0
-1090.0
-1144.0
-1217.0
-1347.0
-1347.0
-1367.0
-1369.0
-1416.0
-1513.0
-1691.0
-1691.0
-1759.0
-1970.0
-1970.0
-2019.0
-2093.0
-2093.0
-2130.0
-2140.0
-2199.0
-2260.0
-2247.0
-2238.0
-2282.0
-2323.0
-2323.0
-2343.0
-2336.0
-2312.0
-2065.0
-2065.0
-2527.0
-2527.0
-2242.0
-2242.0
-2155.0
-2090.0
-1973.0
-1973.0
-1886.0
-1700.0
-1700.0
-1661.0
-1614.0
-1580.0
-1584.0
-1606.0
-1642.0
-1669.0
-1737.0
-1858.0
-1858.0
-1928.0
-1978.0
-2025.0
-2159.0
-2159.0
-2162.0
-2203.0
-2239.0
-2219.0
-2206.0
-2193.0
-2160.0
-2131.0
-2095.0
-1982.0
-1982.0
-1933.0
-1881.0
-1845.0
-1825.0
-1706.0
-1706.0
-1682.0
-1648.0
-1626.0
-1604.0
-1565.0
-1505.0
-1505.0
-1464.0
-1443.0
-1458.0
