193.0
169.0
152.0
158.0
129.0
166.0
150.0
96.0
108.0
132.0
184.0
308.0
308.0
301.0
279.0
226.0
226.0
240.0
242.0
224.0
201.0
171.0
187.0
181.0
150.0
154.0
175.0
187.0
191.0
173.0
175.0
206.0
193.0
184.0
190.0
189.0
218.0
205.0
175.0
135.0
103.0
93.0
104.0
155.0
214.0
206.0
184.0
171.0
150.0
136.0
146.0
177.0
189.0
198.0
177.0
132.0
108.0
114.0
140.0
166.0
183.0
151.0
128.0
173.0
170.0
161.0
184.0
209.0
223.0
165.0
137.0
155.0
144.0
154.0
152.0
137.0
159.0
144.0
130.0
120.0
137.0
132.0
93.0
119.0
98.0
66.0
52.0
21.0
13.0
27.0
21.0
11.0
-47.0
-47.0
-74.0
-80.0
-131.0
-192.0
-223.0
-239.0
-365.0
-365.0
-435.0
-474.0
-570.0
-570.0
-591.0
-570.0
-591.0
-611.0
-578.0
-591.0
-624.0
-649.0
-602.0
-525.0
-453.0
-453.0
-402.0
-348.0
-325.0
-321.0
-287.0
-179.0
-179.0
-174.0
-192.0
-169.0
-130.0
-88.0
-60.0
-31.0
-10.0
-7.0
28.0
28.0
-46.0
-46.0
-22.0
-8.0
61.0
61.0
72.0
88.0
110.0
132.0
142.0
146.0
132.0
111.0
72.0
42.0
37.0
41.0
40.0
35.0
27.0
-45.0
-45.0
-51.0
-81.0
-113.0
-123.0
-160.0
-155.0
-127.0
-138.0
-148.0
-136.0
-117.0
-124.0
-137.0
-140.0
-137.0
-135.0
-155.0
-191.0
-245.0
-359.0
-359.0
-429.0
-483.0
-621.0
-621.0
-708.0
-766.0
-874.0
-874.0
-925.0
-938.0
-971.0
-1046.0
-1046.0
-1032.0
-1050.0
-1047.0
-1085.0
-1129.0
-1141.0
-1166.0
-1166.0
-1164.0
-1167.0
-1152.0
-1120.0
-1073.0
-1031.0
-911.0
-911.0
-874.0
-843.0
-773.0
-711.0
-711.0
-631.0
-572.0
-619.0
-678.0
-648.0
-568.0
-434.0
-434.0
-405.0
-281.0
-273.0
-318.0
-265.0
-119.0
-119.0
-177.0
-193.0
-144.0
-94.0
-53.0
-49.0
-78.0
-91.0
-59.0
-51.0
-62.0
-58.0
-66.0
-30.0
238.0
238.0
-94.0
-94.0
-66.0
-19.0
-41.0
-14.0
-2.0
-22.0
-46.0
-64.0
-30.0
-34.0
-51.0
-8.0
214.0
214.0
-7.0
-7.0
83.0
83.0
68.0
26.0
93.0
128.0
103.0
88.0
76.0
65.0
49.0
51.0
33.0
24.0
77.0
82.0
42.0
49.0
71.0
111.0
130.0
119.0
103.0
99.0
127.0
139.0
65.0
-6.0
-6.0
85.0
85.0
99.0
66.0
44.0
69.0
95.0
67.0
53.0
60.0
72.0
67.0
88.0
112.0
100.0
76.0
42.0
47.0
40.0
14.0
8.0
-12.0
-12.0
-25.0
-50.0
-60.0
-45.0
-73.0
-99.0
-90.0
-88.0
-60.0
-66.0
-55.0
-2.0
58.0
58.0
91.0
110.0
177.0
249.0
304.0
304.0
377.0
460.0
566.0
566.0
626.0
678.0
689.0
707.0
732.0
717.0
700.0
718.0
704.0
675.0
670.0
647.0
605.0
571.0
558.0
554.0
542.0
562.0
587.0
592.0
600.0
602.0
581.0
571.0
578.0
567.0
573.0
566.0
559.0
563.0
566.0
547.0
526.0
529.0
535.0
567.0
602.0
623.0
645.0
664.0
656.0
637.0
625.0
605.0
599.0
610.0
598.0
621.0
672.0
708.0
740.0
734.0
714.0
706.0
694.0
671.0
655.0
673.0
693.0
664.0
651.0
686.0
716.0
738.0
790.0
790.0
806.0
832.0
850.0
861.0
849.0
835.0
821.0
797.0
773.0
524.0
524.0
809.0
809.0
821.0
826.0
814.0
808.0
816.0
810.0
818.0
835.0
822.0
808.0
824.0
817.0
790.0
735.0
735.0
723.0
719.0
714.0
686.0
664.0
653.0
649.0
657.0
675.0
687.0
669.0
667.0
665.0
670.0
709.0
754.0
789.0
789.0
804.0
819.0
822.0
805.0
798.0
793.0
779.0
777.0
773.0
741.0
741.0
748.0
756.0
754.0
759.0
763.0
751.0
740.0
733.0
703.0
664.0
651.0
643.0
651.0
665.0
671.0
676.0
668.0
661.0
644.0
648.0
659.0
648.0
645.0
659.0
669.0
649.0
628.0
622.0
629.0
639.0
643.0
639.0
657.0
673.0
672.0
678.0
672.0
668.0
662.0
652.0
664.0
659.0
654.0
652.0
620.0
598.0
606.0
632.0
649.0
677.0
735.0
829.0
829.0
874.0
921.0
961.0
992.0
1045.0
1045.0
983.0
983.0
958.0
947.0
928.0
910.0
896.0
890.0
899.0
895.0
906.0
908.0
918.0
943.0
963.0
976.0
971.0
970.0
981.0
996.0
1002.0
1018.0
1030.0
1030.0
1001.0
1001.0
984.0
962.0
960.0
973.0
983.0
1010.0
1276.0
1276.0
783.0
783.0
1272.0
1272.0
1057.0
1057.0
1071.0
1088.0
1108.0
1127.0
1148.0
1158.0
1157.0
1151.0
1142.0
1134.0
1118.0
1112.0
1096.0
1071.0
1055.0
1025.0
950.0
950.0
943.0
931.0
912.0
899.0
889.0
879.0
868.0
866.0
876.0
868.0
842.0
824.0
813.0
802.0
789.0
808.0
818.0
803.0
808.0
814.0
818.0
804.0
797.0
813.0
824.0
829.0
838.0
851.0
847.0
821.0
830.0
845.0
829.0
822.0
816.0
812.0
822.0
816.0
800.0
796.0
813.0
825.0
835.0
859.0
890.0
900.0
890.0
887.0
883.0
894.0
915.0
927.0
938.0
958.0
971.0
974.0
979.0
966.0
943.0
922.0
902.0
883.0
858.0
836.0
827.0
826.0
820.0
804.0
790.0
818.0
852.0
866.0
865.0
861.0
875.0
882.0
902.0
919.0
918.0
928.0
943.0
963.0
974.0
981.0
992.0
981.0
967.0
957.0
938.0
926.0
916.0
902.0
898.0
919.0
874.0
849.0
838.0
769.0
624.0
624.0
540.0
668.0
453.0
453.0
210.0
210.0
-243.0
-243.0
-334.0
-334.0
-376.0
-423.0
-450.0
-467.0
-491.0
-765.0
-765.0
-468.0
-468.0
-436.0
-398.0
-387.0
-324.0
-171.0
-171.0
-106.0
-52.0
-11.0
88.0
88.0
165.0
216.0
300.0
300.0
349.0
374.0
386.0
416.0
398.0
419.0
466.0
499.0
506.0
573.0
573.0
563.0
545.0
528.0
543.0
578.0
592.0
555.0
545.0
549.0
524.0
542.0
589.0
610.0
630.0
655.0
671.0
664.0
663.0
683.0
701.0
686.0
671.0
683.0
686.0
665.0
640.0
633.0
613.0
625.0
665.0
669.0
656.0
667.0
681.0
671.0
654.0
661.0
677.0
681.0
672.0
669.0
664.0
709.0
756.0
688.0
665.0
685.0
680.0
709.0
719.0
718.0
711.0
725.0
742.0
767.0
756.0
727.0
724.0
731.0
739.0
759.0
1017.0
1017.0
767.0
767.0
761.0
739.0
724.0
743.0
755.0
759.0
767.0
798.0
798.0
818.0
826.0
820.0
843.0
860.0
894.0
908.0
891.0
837.0
699.0
699.0
720.0
852.0
852.0
902.0
953.0
944.0
847.0
970.0
760.0
760.0
753.0
753.0
673.0
783.0
1264.0
1264.0
1240.0
1133.0
1133.0
639.0
639.0
464.0
464.0
68.0
68.0
421.0
421.0
1016.0
1016.0
893.0
1421.0
1421.0
1535.0
1741.0
1741.0
1788.0
1784.0
1826.0
1826.0
1841.0
1856.0
1892.0
1927.0
1932.0
1948.0
1978.0
2003.0
2030.0
2024.0
2014.0
2021.0
2027.0
2030.0
2122.0
2122.0
2216.0
2455.0
2455.0
2605.0
2605.0
2601.0
2480.0
2480.0
1767.0
1767.0
404.0
404.0
387.0
1543.0
1543.0
2852.0
2852.0
3691.0
3691.0
2868.0
2868.0
2282.0
2282.0
1364.0
1364.0
1020.0
1020.0
591.0
591.0
598.0
601.0
628.0
653.0
672.0
733.0
905.0
905.0
1010.0
1235.0
1235.0
1406.0
1406.0
1496.0
1627.0
1627.0
1692.0
1732.0
1752.0
1773.0
1770.0
1752.0
1745.0
1731.0
1712.0
1700.0
1660.0
1645.0
1722.0
1599.0
2269.0
2269.0
2157.0
2473.0
2473.0
1824.0
1824.0
706.0
706.0
-264.0
-264.0
-161.0
-161.0
734.0
734.0
2368.0
2368.0
2204.0
2204.0
1060.0
1060.0
519.0
519.0
118.0
118.0
-38.0
-38.0
-326.0
-326.0
-308.0
-281.0
-164.0
-164.0
-88.0
-13.0
194.0
194.0
452.0
452.0
668.0
668.0
722.0
755.0
844.0
844.0
868.0
849.0
828.0
812.0
798.0
743.0
743.0
748.0
736.0
756.0
832.0
832.0
908.0
1006.0
1249.0
1249.0
1191.0
1605.0
1605.0
2201.0
2201.0
2204.0
2183.0
1321.0
1321.0
675.0
675.0
-253.0
-253.0
66.0
66.0
150.0
3581.0
3581.0
3064.0
3064.0
1815.0
1815.0
1126.0
1126.0
291.0
291.0
-106.0
-106.0
-302.0
-302.0
-625.0
-625.0
-623.0
-598.0
-541.0
-374.0
-374.0
-309.0
-152.0
-152.0
-80.0
-10.0
84.0
84.0
115.0
155.0
184.0
201.0
230.0
255.0
353.0
353.0
409.0
485.0
670.0
670.0
913.0
913.0
1023.0
1228.0
1228.0
1135.0
1627.0
1627.0
2298.0
2298.0
2221.0
2212.0
1716.0
1716.0
929.0
929.0
1002.0
53.0
53.0
-9.0
52.0
2058.0
2058.0
2121.0
2121.0
1747.0
1747.0
774.0
774.0
366.0
366.0
-175.0
-175.0
-334.0
-334.0
-355.0
-371.0
-389.0
-409.0
-429.0
-443.0
-445.0
-443.0
-459.0
-462.0
-464.0
-469.0
-460.0
-446.0
-414.0
-370.0
-328.0
-182.0
-182.0
-114.0
-13.0
165.0
165.0
372.0
372.0
487.0
364.0
593.0
593.0
993.0
993.0
1071.0
1071.0
1123.0
1237.0
1165.0
1596.0
1596.0
1817.0
1817.0
1593.0
1593.0
1615.0
1137.0
1137.0
87.0
87.0
-453.0
-453.0
1556.0
1556.0
2449.0
2449.0
1868.0
1868.0
1025.0
1025.0
922.0
233.0
233.0
-759.0
-759.0
-666.0
-771.0
-1149.0
-1149.0
-1176.0
-1189.0
-1198.0
-1189.0
-1183.0
-1188.0
-1199.0
-1192.0
-1172.0
-1155.0
-1137.0
-1110.0
-1045.0
-928.0
-928.0
-841.0
-658.0
-658.0
-539.0
-328.0
-328.0
-99.0
-99.0
121.0
121.0
196.0
380.0
380.0
450.0
483.0
496.0
569.0
569.0
646.0
546.0
853.0
853.0
1189.0
1189.0
1147.0
1063.0
1150.0
911.0
911.0
133.0
133.0
-372.0
-372.0
1242.0
1242.0
1359.0
1381.0
895.0
895.0
450.0
450.0
-303.0
-303.0
-671.0
-671.0
-1152.0
-1152.0
-1213.0
-1274.0
-1272.0
-1335.0
-1335.0
-1317.0
-1290.0
-1209.0
-1209.0
-1157.0
-1115.0
-1102.0
-1063.0
-915.0
-915.0
-828.0
-688.0
-688.0
-601.0
-363.0
-363.0
-262.0
-60.0
-60.0
151.0
151.0
28.0
508.0
508.0
391.0
519.0
924.0
924.0
950.0
994.0
1171.0
1171.0
1043.0
1500.0
1500.0
1509.0
1432.0
1335.0
1458.0
975.0
975.0
1195.0
1195.0
720.0
720.0
896.0
896.0
2293.0
2293.0
1787.0
1787.0
1172.0
1172.0
676.0
676.0
227.0
227.0
-156.0
-156.0
-284.0
-518.0
-518.0
-901.0
-901.0
-905.0
-913.0
-935.0
-968.0
-969.0
-960.0
-984.0
-986.0
-960.0
-908.0
-850.0
-807.0
-655.0
-655.0
-575.0
-414.0
-414.0
-351.0
-281.0
-120.0
-120.0
-26.0
182.0
182.0
406.0
406.0
645.0
645.0
735.0
873.0
873.0
943.0
1166.0
1166.0
1087.0
1699.0
1699.0
1689.0
1621.0
1570.0
1530.0
1530.0
1368.0
1368.0
1399.0
520.0
520.0
1035.0
1035.0
2396.0
2396.0
2399.0
1919.0
1919.0
1257.0
1257.0
502.0
502.0
87.0
87.0
-491.0
-491.0
-703.0
-703.0
-874.0
-874.0
-911.0
-946.0
-966.0
-986.0
-1022.0
-1084.0
-1084.0
-1070.0
-1049.0
-1033.0
-956.0
-956.0
-914.0
-860.0
-682.0
-682.0
-635.0
-568.0
-374.0
-374.0
-325.0
-154.0
-154.0
-49.0
160.0
160.0
240.0
362.0
362.0
403.0
466.0
491.0
614.0
614.0
521.0
825.0
825.0
1157.0
1157.0
1077.0
829.0
829.0
789.0
651.0
651.0
-120.0
-120.0
99.0
99.0
2043.0
2043.0
2046.0
1320.0
1320.0
1248.0
364.0
364.0
-53.0
-53.0
-365.0
-365.0
-996.0
-996.0
-1190.0
-1190.0
-1361.0
-1361.0
-1441.0
-1507.0
-1531.0
-1594.0
-1594.0
-1643.0
-1637.0
-1613.0
-1594.0
-1582.0
-1440.0
-1440.0
-1372.0
-1355.0
-1343.0
-1165.0
-1165.0
-1088.0
-881.0
-881.0
-1004.0
-558.0
-558.0
-326.0
-326.0
-111.0
-111.0
119.0
119.0
175.0
213.0
481.0
481.0
388.0
911.0
911.0
845.0
1115.0
1115.0
1451.0
1451.0
1235.0
1235.0
936.0
936.0
904.0
306.0
306.0
398.0
1697.0
1697.0
2242.0
2242.0
1296.0
1296.0
1193.0
463.0
463.0
230.0
230.0
-183.0
-183.0
-374.0
-374.0
-435.0
-489.0
-680.0
-680.0
-764.0
-818.0
-818.0
-883.0
-928.0
-917.0
-899.0
-872.0
-854.0
-845.0
-830.0
-781.0
-676.0
-676.0
-634.0
-607.0
-546.0
-413.0
-413.0
-312.0
-128.0
-128.0
-41.0
144.0
144.0
335.0
335.0
410.0
511.0
652.0
652.0
701.0
930.0
930.0
803.0
1121.0
1121.0
1454.0
1454.0
1367.0
1460.0
1139.0
1139.0
1130.0
1121.0
1002.0
128.0
128.0
1717.0
1717.0
2439.0
2439.0
1634.0
1634.0
1532.0
723.0
723.0
256.0
256.0
38.0
38.0
-116.0
-116.0
-226.0
-109.0
-328.0
-328.0
-725.0
-725.0
-844.0
-844.0
-898.0
-916.0
-938.0
-940.0
-889.0
-933.0
-1001.0
-980.0
-952.0
-915.0
-870.0
-821.0
-686.0
-686.0
-630.0
-567.0
-381.0
-381.0
-318.0
-441.0
-12.0
-12.0
104.0
104.0
113.0
178.0
206.0
223.0
353.0
353.0
433.0
661.0
661.0
568.0
840.0
840.0
933.0
484.0
484.0
422.0
422.0
322.0
440.0
-391.0
-391.0
592.0
592.0
1681.0
1681.0
1185.0
1185.0
368.0
368.0
-72.0
-72.0
-386.0
-386.0
-449.0
-647.0
-647.0
-744.0
-758.0
-903.0
-903.0
-921.0
-889.0
-886.0
-913.0
-946.0
-977.0
-967.0
-892.0
-845.0
-836.0
-841.0
-791.0
-787.0
-682.0
-682.0
-688.0
-639.0
-745.0
-290.0
-290.0
-61.0
-61.0
90.0
90.0
218.0
132.0
291.0
291.0
694.0
694.0
914.0
914.0
1020.0
914.0
1415.0
1415.0
1653.0
1653.0
1997.0
1997.0
1690.0
1690.0
1490.0
1490.0
839.0
839.0
278.0
278.0
1863.0
1863.0
2452.0
2452.0
1689.0
1689.0
796.0
796.0
682.0
262.0
262.0
150.0
150.0
105.0
64.0
-88.0
-88.0
-116.0
-99.0
-99.0
-335.0
-335.0
-429.0
-483.0
-657.0
-657.0
-599.0
-601.0
-660.0
-646.0
-655.0
-661.0
-641.0
-606.0
-588.0
-554.0
-442.0
-442.0
-376.0
-325.0
-130.0
-130.0
-25.0
254.0
254.0
150.0
150.0
255.0
325.0
325.0
357.0
396.0
468.0
670.0
670.0
612.0
1195.0
1195.0
1240.0
1176.0
1176.0
964.0
964.0
665.0
665.0
766.0
-197.0
-197.0
523.0
523.0
2003.0
2003.0
1884.0
1257.0
1257.0
405.0
405.0
-200.0
-200.0
-245.0
-269.0
-269.0
-345.0
-418.0
-459.0
-460.0
-431.0
-476.0
-533.0
-533.0
-288.0
-288.0
-646.0
-646.0
-637.0
-539.0
-264.0
-264.0
-517.0
-517.0
-437.0
-437.0
-374.0
-349.0
-341.0
-144.0
-144.0
-43.0
37.0
37.0
135.0
254.0
421.0
421.0
298.0
664.0
664.0
758.0
924.0
924.0
1236.0
1236.0
1178.0
1538.0
1538.0
1845.0
1845.0
1702.0
1702.0
1680.0
1612.0
1261.0
1261.0
376.0
376.0
1070.0
1070.0
2747.0
2747.0
2217.0
2217.0
1315.0
1315.0
933.0
933.0
553.0
553.0
403.0
403.0
306.0
135.0
135.0
58.0
-149.0
-149.0
-233.0
-310.0
-310.0
-347.0
-366.0
-384.0
-445.0
-476.0
-399.0
-378.0
-454.0
-501.0
-466.0
-451.0
-449.0
-372.0
-306.0
-221.0
-221.0
-394.0
-394.0
-229.0
-229.0
91.0
91.0
122.0
48.0
48.0
330.0
330.0
372.0
385.0
394.0
445.0
482.0
739.0
739.0
639.0
891.0
891.0
1200.0
1200.0
892.0
892.0
599.0
599.0
665.0
116.0
116.0
205.0
205.0
1546.0
1546.0
2030.0
2030.0
1237.0
1237.0
493.0
493.0
-194.0
-194.0
-222.0
-333.0
-333.0
-427.0
-458.0
-499.0
-504.0
-450.0
-475.0
-615.0
-615.0
-596.0
-641.0
-670.0
-695.0
-705.0
-708.0
-723.0
-736.0
-767.0
-736.0
-695.0
-747.0
-702.0
-622.0
-630.0
-645.0
-575.0
-400.0
-400.0
-395.0
-343.0
-449.0
-227.0
-227.0
218.0
218.0
412.0
412.0
565.0
565.0
684.0
626.0
806.0
806.0
1275.0
1275.0
1251.0
1153.0
1153.0
648.0
648.0
681.0
576.0
669.0
302.0
302.0
337.0
1684.0
1684.0
2500.0
2500.0
2244.0
2244.0
1011.0
1011.0
28.0
28.0
-58.0
-58.0
-168.0
-242.0
-204.0
-246.0
-284.0
-284.0
-349.0
-324.0
-281.0
-263.0
-343.0
-365.0
-397.0
-405.0
-337.0
-365.0
-331.0
-304.0
-295.0
-203.0
-203.0
-102.0
-104.0
-176.0
-131.0
-64.0
124.0
124.0
160.0
230.0
356.0
356.0
397.0
481.0
590.0
590.0
594.0
561.0
571.0
614.0
644.0
745.0
621.0
893.0
893.0
1047.0
1047.0
937.0
937.0
890.0
836.0
858.0
90.0
90.0
-264.0
-264.0
1093.0
1093.0
1918.0
1918.0
1898.0
1274.0
1274.0
390.0
390.0
-144.0
-144.0
-249.0
-345.0
-345.0
-390.0
-387.0
-428.0
-567.0
-567.0
-616.0
-717.0
-1020.0
-1020.0
-831.0
-831.0
-876.0
-907.0
-888.0
-897.0
-936.0
-952.0
-914.0
-906.0
-897.0
-881.0
-843.0
-789.0
-775.0
-703.0
-703.0
-626.0
-575.0
-551.0
-366.0
-366.0
-319.0
-261.0
-378.0
158.0
158.0
234.0
381.0
381.0
264.0
610.0
610.0
1258.0
1258.0
1335.0
1335.0
1102.0
1102.0
1182.0
887.0
887.0
959.0
394.0
394.0
80.0
80.0
1554.0
1554.0
2365.0
2365.0
2484.0
1333.0
1333.0
423.0
423.0
110.0
110.0
-233.0
-233.0
-494.0
-494.0
-243.0
-243.0
-249.0
-298.0
-298.0
-308.0
-329.0
-349.0
-347.0
-328.0
-366.0
-398.0
-403.0
-378.0
-383.0
-417.0
-404.0
-392.0
-378.0
-312.0
-281.0
-184.0
-184.0
-193.0
-182.0
-105.0
-14.0
114.0
114.0
224.0
348.0
348.0
418.0
498.0
568.0
568.0
652.0
735.0
873.0
873.0
780.0
1071.0
1071.0
1456.0
1456.0
1405.0
1290.0
1271.0
1271.0
1245.0
1174.0
480.0
480.0
433.0
433.0
1923.0
1923.0
2160.0
2160.0
1326.0
1326.0
827.0
827.0
510.0
510.0
96.0
96.0
-120.0
-120.0
-230.0
-256.0
-332.0
-332.0
-409.0
-453.0
-461.0
-482.0
-506.0
-551.0
-551.0
-527.0
-515.0
-523.0
-535.0
-532.0
-535.0
-472.0
-472.0
-462.0
-474.0
-450.0
-443.0
-421.0
-367.0
-357.0
-343.0
-320.0
-340.0
-321.0
-272.0
-230.0
-230.0
-271.0
-271.0
-177.0
-177.0
-145.0
-114.0
212.0
212.0
125.0
260.0
260.0
707.0
707.0
354.0
354.0
448.0
474.0
355.0
346.0
-175.0
-175.0
-51.0
1460.0
1460.0
1665.0
1665.0
842.0
842.0
740.0
-8.0
-8.0
-388.0
-388.0
-465.0
-545.0
-545.0
-543.0
-530.0
-451.0
-451.0
-434.0
-398.0
-411.0
-413.0
-371.0
-363.0
-337.0
-305.0
-301.0
-285.0
-268.0
-219.0
-219.0
-177.0
-121.0
-107.0
-113.0
-97.0
-76.0
-55.0
-36.0
135.0
135.0
121.0
132.0
189.0
283.0
283.0
64.0
64.0
276.0
276.0
663.0
663.0
750.0
623.0
1252.0
1252.0
1500.0
1500.0
1578.0
1578.0
1472.0
1472.0
1518.0
1518.0
337.0
337.0
33.0
33.0
1763.0
1763.0
2456.0
2456.0
1768.0
1768.0
963.0
963.0
492.0
492.0
29.0
29.0
-74.0
-74.0
-96.0
-91.0
-166.0
-229.0
-329.0
-329.0
-381.0
-390.0
-413.0
-474.0
-494.0
-505.0
-563.0
-563.0
-617.0
-624.0
-643.0
-695.0
-669.0
-639.0
-635.0
-632.0
-624.0
-617.0
-603.0
-580.0
-524.0
-443.0
-443.0
-356.0
-325.0
-151.0
-151.0
-83.0
-15.0
79.0
79.0
37.0
34.0
69.0
130.0
160.0
178.0
433.0
433.0
315.0
673.0
673.0
604.0
607.0
624.0
717.0
291.0
291.0
391.0
-627.0
-627.0
-619.0
700.0
700.0
1831.0
1831.0
1950.0
957.0
957.0
120.0
120.0
-390.0
-390.0
-384.0
-465.0
-473.0
-434.0
-397.0
-375.0
-342.0
-309.0
-211.0
-211.0
-293.0
-293.0
-235.0
-235.0
-237.0
-187.0
-191.0
-242.0
-483.0
-483.0
-179.0
-179.0
-151.0
-138.0
-114.0
-73.0
-26.0
116.0
116.0
197.0
253.0
505.0
505.0
367.0
367.0
368.0
368.0
514.0
514.0
882.0
882.0
952.0
859.0
1299.0
1299.0
1775.0
1775.0
2031.0
2031.0
1757.0
1757.0
1698.0
1729.0
993.0
993.0
494.0
494.0
586.0
2254.0
2254.0
2422.0
2422.0
1578.0
1578.0
1049.0
1049.0
691.0
691.0
260.0
260.0
115.0
115.0
100.0
42.0
5.0
-41.0
-41.0
-31.0
-13.0
-27.0
-81.0
-109.0
-72.0
-35.0
-12.0
5.0
5.0
14.0
37.0
40.0
64.0
105.0
98.0
96.0
131.0
197.0
231.0
221.0
245.0
319.0
319.0
400.0
447.0
479.0
660.0
660.0
725.0
813.0
813.0
849.0
916.0
1022.0
972.0
1531.0
1531.0
1413.0
1765.0
1765.0
1732.0
1754.0
2000.0
2000.0
1316.0
1316.0
640.0
640.0
540.0
1795.0
1795.0
2469.0
2469.0
1748.0
1748.0
885.0
885.0
497.0
497.0
149.0
149.0
108.0
95.0
155.0
223.0
333.0
333.0
375.0
408.0
466.0
505.0
508.0
553.0
553.0
545.0
552.0
574.0
569.0
578.0
591.0
578.0
570.0
573.0
566.0
543.0
520.0
434.0
434.0
396.0
364.0
345.0
318.0
278.0
271.0
304.0
340.0
382.0
419.0
471.0
634.0
634.0
732.0
609.0
1009.0
1009.0
1150.0
1150.0
1234.0
1217.0
1155.0
1155.0
6.0
6.0
-648.0
-648.0
709.0
709.0
1611.0
1611.0
1567.0
1522.0
665.0
665.0
0.0
0.0
-61.0
-61.0
-99.0
-88.0
-68.0
-50.0
38.0
38.0
11.0
-5.0
-5.0
-3.0
-29.0
-53.0
-47.0
-35.0
-53.0
-81.0
-86.0
-108.0
-127.0
-107.0
-92.0
-116.0
-154.0
-123.0
-113.0
-130.0
-85.0
-60.0
-39.0
57.0
57.0
83.0
139.0
186.0
249.0
184.0
184.0
296.0
296.0
517.0
517.0
784.0
784.0
1232.0
1232.0
1279.0
1300.0
1300.0
1579.0
1579.0
1698.0
603.0
603.0
-64.0
-64.0
28.0
1533.0
1533.0
1592.0
1592.0
1571.0
1527.0
741.0
741.0
81.0
81.0
45.0
36.0
49.0
129.0
213.0
370.0
370.0
433.0
475.0
573.0
573.0
613.0
645.0
680.0
694.0
717.0
723.0
704.0
695.0
692.0
677.0
654.0
652.0
616.0
542.0
534.0
562.0
547.0
552.0
546.0
534.0
558.0
576.0
573.0
608.0
688.0
742.0
819.0
819.0
832.0
885.0
986.0
1054.0
1054.0
1061.0
1048.0
1093.0
1170.0
1267.0
1225.0
817.0
817.0
-643.0
-643.0
-684.0
-684.0
516.0
516.0
1040.0
1040.0
828.0
828.0
934.0
351.0
351.0
457.0
36.0
36.0
27.0
68.0
136.0
150.0
135.0
114.0
87.0
84.0
98.0
106.0
43.0
-12.0
-12.0
4.0
4.0
-80.0
-80.0
-67.0
-46.0
-39.0
-47.0
-35.0
91.0
91.0
69.0
29.0
47.0
91.0
157.0
191.0
221.0
309.0
309.0
424.0
601.0
601.0
711.0
924.0
924.0
992.0
1132.0
1132.0
1212.0
1285.0
1285.0
1335.0
1463.0
1524.0
1520.0
1412.0
1412.0
0.0
0.0
-600.0
-600.0
6.0
6.0
624.0
624.0
752.0
330.0
330.0
285.0
151.0
151.0
130.0
105.0
166.0
43.0
266.0
266.0
680.0
680.0
767.0
822.0
822.0
806.0
840.0
872.0
921.0
934.0
903.0
883.0
845.0
818.0
813.0
785.0
817.0
646.0
646.0
648.0
604.0
571.0
597.0
601.0
569.0
573.0
605.0
608.0
630.0
681.0
749.0
920.0
920.0
969.0
976.0
1008.0
1130.0
1130.0
1123.0
1090.0
1157.0
1244.0
1477.0
1477.0
1020.0
1020.0
-710.0
-710.0
-1185.0
-1185.0
-8.0
-8.0
414.0
414.0
445.0
404.0
350.0
341.0
269.0
58.0
58.0
428.0
428.0
657.0
657.0
564.0
797.0
797.0
1141.0
1141.0
1193.0
1211.0
1186.0
1190.0
1209.0
1195.0
1139.0
1101.0
1054.0
966.0
966.0
935.0
881.0
822.0
780.0
620.0
620.0
536.0
496.0
496.0
461.0
398.0
410.0
422.0
427.0
425.0
463.0
750.0
750.0
617.0
617.0
711.0
747.0
843.0
843.0
913.0
958.0
984.0
1087.0
1087.0
1206.0
1079.0
1521.0
1521.0
806.0
806.0
-152.0
-152.0
-903.0
-903.0
-252.0
-252.0
621.0
621.0
822.0
822.0
685.0
685.0
722.0
722.0
386.0
386.0
463.0
679.0
679.0
607.0
882.0
882.0
1056.0
1056.0
1445.0
1445.0
1433.0
1441.0
1444.0
1388.0
1334.0
1329.0
1289.0
1163.0
1163.0
1125.0
1051.0
871.0
871.0
810.0
672.0
672.0
634.0
551.0
353.0
353.0
283.0
179.0
179.0
149.0
153.0
167.0
145.0
132.0
143.0
176.0
354.0
354.0
468.0
604.0
604.0
622.0
643.0
673.0
748.0
756.0
535.0
535.0
-204.0
-204.0
-258.0
-463.0
-463.0
571.0
571.0
1064.0
1064.0
1114.0
746.0
746.0
315.0
315.0
-194.0
-194.0
-503.0
-503.0
-107.0
-107.0
-20.0
168.0
168.0
255.0
433.0
433.0
632.0
632.0
712.0
838.0
838.0
865.0
868.0
889.0
874.0
865.0
874.0
869.0
852.0
833.0
821.0
806.0
793.0
785.0
771.0
788.0
787.0
774.0
810.0
850.0
887.0
929.0
965.0
990.0
1012.0
1021.0
1132.0
1132.0
1242.0
1510.0
1510.0
1431.0
1744.0
1744.0
1708.0
1738.0
1621.0
1906.0
1906.0
1897.0
541.0
541.0
-491.0
-491.0
628.0
628.0
1752.0
1752.0
1580.0
1580.0
1509.0
740.0
740.0
415.0
415.0
47.0
47.0
9.0
0.0
5.0
14.0
29.0
49.0
18.0
-14.0
-14.0
38.0
38.0
34.0
3.0
0.0
20.0
41.0
51.0
56.0
58.0
72.0
84.0
83.0
80.0
92.0
114.0
105.0
108.0
96.0
47.0
36.0
33.0
2.0
-65.0
-65.0
-90.0
-101.0
-85.0
-60.0
-45.0
-42.0
-21.0
108.0
108.0
15.0
338.0
338.0
546.0
546.0
1009.0
1009.0
679.0
679.0
759.0
768.0
768.0
760.0
-359.0
-359.0
-299.0
-299.0
903.0
903.0
1216.0
1216.0
751.0
751.0
-210.0
-210.0
-349.0
-349.0
-357.0
-379.0
-352.0
-372.0
-400.0
-410.0
-427.0
-414.0
-417.0
-433.0
-455.0
-468.0
-472.0
-455.0
-425.0
-435.0
-493.0
-501.0
-425.0
-405.0
-443.0
-409.0
-343.0
-298.0
-276.0
-223.0
-223.0
-202.0
-144.0
-88.0
-74.0
-25.0
71.0
71.0
134.0
214.0
385.0
385.0
475.0
687.0
687.0
814.0
814.0
938.0
852.0
1434.0
1434.0
1329.0
1642.0
1642.0
2033.0
2033.0
2029.0
2027.0
2044.0
1997.0
1893.0
1893.0
448.0
448.0
160.0
160.0
284.0
1779.0
1779.0
1818.0
1818.0
1699.0
847.0
847.0
493.0
493.0
80.0
80.0
5.0
-34.0
-34.0
-83.0
-99.0
-100.0
-101.0
-129.0
-174.0
-160.0
-131.0
-119.0
-105.0
-80.0
-44.0
-22.0
14.0
14.0
49.0
114.0
152.0
160.0
162.0
202.0
241.0
323.0
323.0
334.0
293.0
298.0
318.0
332.0
340.0
347.0
359.0
401.0
468.0
488.0
448.0
464.0
631.0
631.0
732.0
1021.0
1021.0
915.0
1078.0
1078.0
1386.0
1386.0
1303.0
1220.0
1220.0
1236.0
1164.0
264.0
264.0
-426.0
-426.0
415.0
415.0
534.0
975.0
975.0
411.0
411.0
-5.0
-5.0
-384.0
-384.0
-414.0
-367.0
-454.0
-577.0
-577.0
-555.0
-523.0
-540.0
-574.0
-546.0
-544.0
-570.0
-536.0
-507.0
-507.0
-511.0
-459.0
-394.0
-382.0
-378.0
-355.0
-305.0
-163.0
-163.0
-161.0
-124.0
-57.0
-45.0
-19.0
-6.0
108.0
108.0
146.0
303.0
303.0
256.0
310.0
387.0
484.0
636.0
636.0
664.0
741.0
624.0
872.0
872.0
1440.0
1440.0
1347.0
1659.0
1659.0
1647.0
1734.0
1857.0
1857.0
1831.0
1822.0
1038.0
1038.0
45.0
45.0
627.0
627.0
1311.0
1311.0
1333.0
1333.0
1230.0
445.0
445.0
241.0
241.0
-22.0
-22.0
241.0
241.0
-250.0
-250.0
-96.0
-96.0
-135.0
-149.0
-174.0
-143.0
-104.0
-101.0
-98.0
-66.0
-28.0
-36.0
-3.0
251.0
251.0
85.0
85.0
111.0
131.0
146.0
193.0
249.0
240.0
251.0
275.0
275.0
328.0
340.0
356.0
419.0
451.0
473.0
632.0
632.0
730.0
844.0
844.0
880.0
977.0
871.0
1141.0
1141.0
1698.0
1698.0
1724.0
1715.0
1721.0
1768.0
1865.0
1865.0
1888.0
1049.0
1049.0
374.0
374.0
446.0
1130.0
1130.0
1563.0
1563.0
1532.0
526.0
526.0
575.0
30.0
30.0
-221.0
-221.0
226.0
226.0
-21.0
-21.0
-105.0
-175.0
-169.0
-155.0
-156.0
-147.0
-122.0
-101.0
-157.0
-174.0
-129.0
-84.0
-78.0
-75.0
-50.0
-14.0
-4.0
-12.0
67.0
67.0
41.0
77.0
124.0
158.0
168.0
163.0
182.0
220.0
229.0
202.0
241.0
484.0
484.0
269.0
269.0
3.0
3.0
387.0
387.0
275.0
570.0
570.0
1007.0
1007.0
1119.0
1119.0
1185.0
1334.0
1334.0
1152.0
1152.0
379.0
379.0
-106.0
-106.0
-3.0
757.0
757.0
888.0
888.0
223.0
223.0
-111.0
-111.0
-442.0
-442.0
-445.0
-355.0
-318.0
-328.0
-333.0
-350.0
-364.0
-365.0
-403.0
-423.0
-410.0
-419.0
-454.0
-481.0
-455.0
-461.0
-472.0
-445.0
-426.0
-400.0
-390.0
-435.0
-412.0
-349.0
-313.0
-260.0
-209.0
-209.0
-153.0
-90.0
-72.0
-18.0
1.0
1.0
27.0
95.0
178.0
326.0
326.0
378.0
483.0
654.0
654.0
715.0
968.0
968.0
1206.0
1206.0
1283.0
1283.0
1315.0
1385.0
1385.0
1538.0
1538.0
1530.0
478.0
478.0
-126.0
-126.0
743.0
743.0
1482.0
1482.0
965.0
965.0
66.0
66.0
139.0
-88.0
-88.0
-52.0
115.0
115.0
15.0
294.0
294.0
323.0
288.0
269.0
263.0
216.0
216.0
208.0
182.0
128.0
104.0
61.0
-89.0
-89.0
-124.0
-116.0
-139.0
-177.0
-152.0
-171.0
-248.0
-469.0
-469.0
-216.0
-216.0
-278.0
-278.0
-216.0
-216.0
-187.0
-166.0
-127.0
-80.0
-53.0
-34.0
-50.0
-55.0
74.0
74.0
106.0
107.0
107.0
314.0
314.0
737.0
737.0
380.0
380.0
1017.0
1017.0
294.0
294.0
-1021.0
-1021.0
-933.0
-995.0
228.0
228.0
563.0
563.0
178.0
178.0
-395.0
-395.0
-462.0
-491.0
-469.0
-461.0
-387.0
-277.0
-190.0
-190.0
-182.0
-195.0
-162.0
-130.0
-147.0
-169.0
-166.0
-226.0
-301.0
-301.0
-289.0
-292.0
-272.0
-216.0
-216.0
-271.0
-271.0
-232.0
-232.0
-196.0
-147.0
-91.0
-58.0
-2.0
226.0
226.0
100.0
100.0
198.0
289.0
289.0
395.0
283.0
647.0
647.0
536.0
838.0
838.0
1081.0
1081.0
1330.0
1330.0
1407.0
1341.0
1542.0
1542.0
1501.0
1501.0
-55.0
-55.0
-483.0
-483.0
668.0
668.0
1024.0
1024.0
716.0
716.0
175.0
175.0
-34.0
-34.0
-450.0
-450.0
-149.0
-149.0
231.0
231.0
363.0
363.0
374.0
382.0
405.0
391.0
373.0
339.0
317.0
307.0
287.0
272.0
257.0
249.0
249.0
198.0
118.0
83.0
66.0
32.0
-60.0
-60.0
-102.0
-115.0
-119.0
-149.0
-199.0
-201.0
-124.0
-73.0
-75.0
-26.0
132.0
132.0
5.0
472.0
472.0
639.0
639.0
698.0
961.0
961.0
921.0
1024.0
1024.0
1125.0
-67.0
-67.0
-1072.0
-1072.0
-753.0
-753.0
150.0
150.0
140.0
21.0
87.0
-411.0
-411.0
-478.0
-454.0
-394.0
-303.0
-69.0
-69.0
-135.0
492.0
492.0
717.0
717.0
888.0
888.0
919.0
935.0
932.0
965.0
998.0
1101.0
1101.0
1072.0
1065.0
1098.0
1111.0
1115.0
1118.0
1153.0
1170.0
1193.0
1186.0
1150.0
1135.0
1106.0
1104.0
1165.0
1226.0
1404.0
1404.0
1451.0
1470.0
1508.0
1648.0
1648.0
1665.0
1628.0
1624.0
1675.0
1690.0
1710.0
1712.0
1770.0
1130.0
1130.0
235.0
235.0
-273.0
-273.0
-286.0
267.0
267.0
997.0
997.0
963.0
880.0
779.0
651.0
651.0
730.0
430.0
430.0
53.0
53.0
89.0
145.0
153.0
127.0
111.0
123.0
168.0
205.0
217.0
251.0
498.0
498.0
208.0
208.0
191.0
201.0
193.0
192.0
147.0
106.0
138.0
115.0
43.0
17.0
5.0
-38.0
-38.0
-25.0
-28.0
-17.0
-3.0
52.0
52.0
58.0
74.0
106.0
143.0
162.0
228.0
430.0
430.0
655.0
655.0
527.0
952.0
952.0
962.0
1171.0
1171.0
1265.0
1258.0
1245.0
1245.0
-58.0
-58.0
-567.0
-567.0
-475.0
836.0
836.0
1191.0
1191.0
520.0
520.0
133.0
133.0
-376.0
-376.0
-406.0
-404.0
-390.0
-332.0
-260.0
-78.0
-78.0
88.0
88.0
132.0
202.0
349.0
349.0
410.0
480.0
594.0
594.0
648.0
702.0
758.0
798.0
798.0
820.0
850.0
883.0
930.0
960.0
977.0
1020.0
1115.0
1115.0
1162.0
1148.0
1204.0
1399.0
1399.0
1500.0
1660.0
1660.0
1714.0
1782.0
1973.0
1973.0
2127.0
2127.0
2146.0
2131.0
2097.0
2082.0
2086.0
1867.0
1867.0
1967.0
918.0
918.0
-151.0
-151.0
-32.0
761.0
761.0
1111.0
1111.0
1217.0
944.0
944.0
537.0
537.0
370.0
370.0
272.0
210.0
210.0
239.0
309.0
309.0
335.0
375.0
425.0
464.0
508.0
598.0
598.0
623.0
651.0
673.0
699.0
709.0
685.0
670.0
656.0
639.0
647.0
632.0
602.0
605.0
621.0
609.0
590.0
576.0
590.0
618.0
638.0
692.0
755.0
888.0
888.0
942.0
982.0
1020.0
1150.0
1150.0
1256.0
1128.0
1381.0
1381.0
1698.0
1698.0
1664.0
1690.0
1567.0
1844.0
1844.0
1850.0
1850.0
732.0
732.0
-373.0
-373.0
492.0
492.0
1274.0
1274.0
1173.0
1260.0
1005.0
1005.0
735.0
735.0
294.0
294.0
238.0
238.0
318.0
318.0
356.0
373.0
401.0
437.0
463.0
477.0
489.0
508.0
550.0
550.0
560.0
570.0
574.0
577.0
579.0
601.0
610.0
598.0
600.0
602.0
601.0
597.0
590.0
584.0
589.0
592.0
596.0
600.0
623.0
663.0
710.0
755.0
906.0
906.0
967.0
1012.0
1145.0
1145.0
1245.0
1503.0
1503.0
1376.0
1716.0
1716.0
1723.0
1892.0
1892.0
1923.0
1799.0
1300.0
1300.0
220.0
220.0
-269.0
-269.0
490.0
490.0
1175.0
1175.0
1248.0
915.0
915.0
723.0
723.0
357.0
357.0
370.0
353.0
318.0
315.0
334.0
338.0
308.0
296.0
302.0
298.0
308.0
320.0
336.0
363.0
391.0
411.0
433.0
436.0
442.0
458.0
466.0
476.0
481.0
488.0
503.0
497.0
492.0
472.0
416.0
377.0
336.0
306.0
283.0
257.0
238.0
238.0
229.0
241.0
295.0
295.0
271.0
306.0
396.0
502.0
693.0
693.0
740.0
757.0
958.0
958.0
900.0
1418.0
1418.0
1441.0
566.0
566.0
-1015.0
-1015.0
-957.0
-957.0
187.0
187.0
264.0
359.0
359.0
-157.0
-157.0
-202.0
-178.0
-156.0
-151.0
-81.0
139.0
139.0
233.0
374.0
374.0
421.0
435.0
451.0
467.0
475.0
474.0
467.0
472.0
492.0
576.0
576.0
558.0
562.0
593.0
623.0
608.0
586.0
590.0
586.0
571.0
551.0
557.0
570.0
546.0
513.0
535.0
552.0
567.0
675.0
675.0
745.0
929.0
929.0
1145.0
1145.0
1239.0
1347.0
1347.0
1359.0
1401.0
1301.0
1550.0
1550.0
1582.0
1582.0
458.0
458.0
-368.0
-368.0
-38.0
-38.0
-79.0
358.0
358.0
257.0
307.0
-30.0
-30.0
-318.0
-318.0
-151.0
-151.0
-27.0
-120.0
496.0
496.0
710.0
710.0
930.0
930.0
1014.0
1162.0
1162.0
1209.0
1225.0
1265.0
1368.0
1368.0
1408.0
1457.0
1460.0
1456.0
1501.0
1483.0
1468.0
1517.0
1768.0
1768.0
1476.0
1476.0
1501.0
1508.0
1454.0
1436.0
1499.0
1618.0
1618.0
1708.0
1744.0
1763.0
1769.0
1757.0
1726.0
1698.0
1745.0
1993.0
1993.0
1994.0
2025.0
1182.0
1182.0
166.0
166.0
-176.0
-176.0
-70.0
173.0
173.0
283.0
283.0
185.0
185.0
136.0
126.0
100.0
88.0
122.0
187.0
391.0
391.0
502.0
689.0
689.0
764.0
876.0
876.0
882.0
864.0
884.0
888.0
881.0
879.0
877.0
863.0
844.0
848.0
840.0
843.0
832.0
820.0
819.0
818.0
810.0
795.0
775.0
716.0
716.0
692.0
673.0
655.0
610.0
581.0
573.0
447.0
447.0
466.0
476.0
469.0
483.0
535.0
535.0
557.0
631.0
694.0
725.0
631.0
631.0
-643.0
-643.0
-1414.0
-1414.0
-1405.0
-927.0
-927.0
-130.0
-130.0
-162.0
-232.0
-344.0
-344.0
-410.0
-484.0
-594.0
-594.0
-664.0
-653.0
-583.0
-531.0
-428.0
-428.0
-353.0
-297.0
-258.0
-170.0
-170.0
-119.0
-67.0
-29.0
-10.0
25.0
25.0
57.0
88.0
114.0
144.0
168.0
181.0
194.0
201.0
186.0
173.0
169.0
175.0
191.0
214.0
331.0
331.0
401.0
468.0
581.0
581.0
632.0
702.0
951.0
951.0
834.0
1095.0
1095.0
1528.0
1528.0
1626.0
1626.0
1736.0
1788.0
1788.0
79.0
79.0
-923.0
-923.0
-1016.0
-504.0
-504.0
413.0
413.0
364.0
115.0
115.0
5.0
-183.0
-183.0
-248.0
-324.0
-324.0
-321.0
-295.0
-209.0
-209.0
-179.0
-143.0
-117.0
-97.0
-66.0
-41.0
-27.0
-12.0
5.0
5.0
22.0
14.0
-60.0
-60.0
-123.0
-170.0
-250.0
-388.0
-388.0
-475.0
-567.0
-567.0
-605.0
-608.0
-611.0
-638.0
-651.0
-591.0
-514.0
-379.0
-379.0
-313.0
-180.0
-180.0
-86.0
95.0
95.0
223.0
111.0
383.0
383.0
599.0
599.0
864.0
864.0
1444.0
1444.0
1515.0
1515.0
-229.0
-229.0
-1183.0
-1183.0
-550.0
-550.0
364.0
364.0
284.0
363.0
-177.0
-177.0
-386.0
-386.0
-449.0
-462.0
-468.0
-484.0
-504.0
-466.0
-382.0
-350.0
-343.0
-298.0
-219.0
-219.0
-198.0
-191.0
-169.0
-132.0
-111.0
-80.0
-66.0
-59.0
-49.0
-35.0
-15.0
21.0
21.0
36.0
44.0
47.0
41.0
48.0
57.0
71.0
100.0
120.0
131.0
168.0
224.0
353.0
353.0
404.0
456.0
607.0
607.0
694.0
911.0
911.0
799.0
1035.0
1035.0
1408.0
1408.0
1506.0
1419.0
1919.0
1919.0
1888.0
988.0
988.0
-474.0
-474.0
-359.0
-409.0
203.0
203.0
351.0
351.0
409.0
-114.0
-114.0
-128.0
-133.0
-138.0
-117.0
-84.0
-57.0
-35.0
-17.0
-8.0
12.0
12.0
6.0
-252.0
-252.0
30.0
30.0
52.0
80.0
85.0
111.0
116.0
96.0
105.0
113.0
120.0
111.0
107.0
110.0
95.0
93.0
83.0
82.0
79.0
73.0
44.0
19.0
29.0
42.0
103.0
168.0
236.0
385.0
385.0
448.0
636.0
636.0
726.0
955.0
955.0
1128.0
1128.0
1194.0
1071.0
1417.0
1417.0
1692.0
1692.0
783.0
783.0
-300.0
-300.0
-728.0
-728.0
-209.0
-209.0
143.0
143.0
254.0
-217.0
-217.0
-281.0
-281.0
-213.0
-213.0
-161.0
-100.0
-70.0
-51.0
-6.0
20.0
20.0
41.0
68.0
34.0
0.0
16.0
42.0
67.0
81.0
96.0
116.0
132.0
153.0
155.0
159.0
177.0
174.0
176.0
189.0
176.0
178.0
201.0
213.0
226.0
225.0
231.0
254.0
342.0
342.0
408.0
473.0
585.0
585.0
651.0
738.0
971.0
971.0
1170.0
1170.0
1228.0
1406.0
1406.0
1313.0
1566.0
1566.0
1561.0
1561.0
1437.0
100.0
100.0
-701.0
-701.0
-158.0
-158.0
333.0
333.0
71.0
71.0
182.0
-210.0
-210.0
-200.0
-169.0
-104.0
-23.0
110.0
110.0
184.0
233.0
330.0
330.0
347.0
324.0
330.0
338.0
349.0
387.0
412.0
440.0
479.0
565.0
565.0
577.0
614.0
646.0
653.0
641.0
663.0
659.0
591.0
539.0
516.0
477.0
477.0
437.0
413.0
408.0
442.0
491.0
471.0
482.0
599.0
599.0
679.0
751.0
906.0
906.0
1012.0
1110.0
1110.0
1197.0
1378.0
1378.0
1465.0
1606.0
1606.0
1613.0
1610.0
1595.0
1567.0
1553.0
1519.0
1519.0
1582.0
1582.0
1593.0
1617.0
1602.0
1559.0
1514.0
1514.0
1516.0
1514.0
1535.0
1532.0
1530.0
1537.0
1537.0
1539.0
1558.0
1589.0
1624.0
1644.0
1612.0
1558.0
1457.0
1457.0
1385.0
1305.0
1156.0
1156.0
1095.0
1060.0
1028.0
904.0
904.0
861.0
796.0
629.0
629.0
545.0
374.0
374.0
307.0
257.0
28.0
28.0
-91.0
-91.0
-129.0
-199.0
-321.0
-321.0
-345.0
-373.0
-353.0
-316.0
-273.0
-161.0
-161.0
-70.0
193.0
193.0
93.0
346.0
346.0
578.0
578.0
1015.0
1015.0
1130.0
1130.0
1140.0
1142.0
1110.0
1075.0
1046.0
938.0
938.0
898.0
857.0
796.0
652.0
652.0
579.0
453.0
453.0
437.0
413.0
390.0
402.0
404.0
413.0
455.0
511.0
639.0
639.0
695.0
811.0
811.0
833.0
872.0
897.0
910.0
904.0
895.0
877.0
851.0
841.0
829.0
805.0
770.0
717.0
717.0
680.0
641.0
608.0
578.0
560.0
565.0
562.0
550.0
547.0
566.0
583.0
600.0
607.0
615.0
631.0
646.0
649.0
652.0
660.0
659.0
669.0
685.0
694.0
691.0
680.0
691.0
701.0
693.0
704.0
722.0
756.0
742.0
686.0
653.0
590.0
557.0
530.0
395.0
395.0
289.0
166.0
166.0
135.0
97.0
52.0
26.0
-53.0
-53.0
-34.0
-31.0
-8.0
-34.0
-90.0
-55.0
-51.0
-37.0
27.0
27.0
79.0
126.0
189.0
233.0
330.0
330.0
365.0
403.0
448.0
481.0
531.0
531.0
527.0
529.0
542.0
557.0
577.0
585.0
598.0
615.0
602.0
600.0
598.0
568.0
523.0
459.0
459.0
443.0
419.0
398.0
373.0
339.0
302.0
261.0
169.0
169.0
163.0
145.0
121.0
118.0
108.0
85.0
77.0
82.0
96.0
91.0
79.0
98.0
112.0
100.0
106.0
123.0
140.0
165.0
179.0
174.0
171.0
191.0
