-908.0
-988.0
-953.0
-883.0
-877.0
-891.0
-866.0
-900.0
-932.0
-865.0
-847.0
-920.0
-948.0
-943.0
-945.0
-933.0
-968.0
-1032.0
-1032.0
-986.0
-986.0
-979.0
-1003.0
-962.0
-969.0
-1018.0
-987.0
-977.0
-979.0
-961.0
-930.0
-975.0
-1005.0
-994.0
-1087.0
-1087.0
-1029.0
-1008.0
-1008.0
-1194.0
-1194.0
-891.0
-891.0
-1251.0
-1251.0
-1131.0
-1131.0
-1095.0
-886.0
-886.0
-909.0
-1024.0
-1027.0
-1027.0
-976.0
-976.0
-906.0
-831.0
-844.0
-836.0
-787.0
-799.0
-811.0
-789.0
-798.0
-791.0
-515.0
-515.0
-983.0
-983.0
-553.0
-553.0
-919.0
-919.0
-853.0
-809.0
-796.0
-780.0
-789.0
-775.0
-779.0
-781.0
-800.0
-822.0
-773.0
-741.0
-741.0
-745.0
-886.0
-886.0
-882.0
-846.0
-852.0
-831.0
-773.0
-771.0
-794.0
-809.0
-803.0
-798.0
-806.0
-778.0
-756.0
-756.0
-763.0
-810.0
-810.0
-854.0
-784.0
-740.0
-740.0
-789.0
-789.0
-526.0
-526.0
-745.0
-745.0
-1010.0
-1010.0
-681.0
-681.0
-726.0
-728.0
-726.0
-852.0
-852.0
-881.0
-868.0
-882.0
-956.0
-992.0
-971.0
-953.0
-988.0
-1269.0
-1269.0
-964.0
-964.0
-961.0
-1001.0
-1023.0
-990.0
-995.0
-1005.0
-979.0
-976.0
-988.0
-974.0
-953.0
-962.0
-928.0
-874.0
-885.0
-888.0
-831.0
-811.0
-837.0
-874.0
-890.0
-883.0
-880.0
-864.0
-866.0
-814.0
-759.0
-759.0
-717.0
-718.0
-797.0
-797.0
-800.0
-814.0
-804.0
-809.0
-839.0
-877.0
-898.0
-870.0
-854.0
-877.0
-873.0
-844.0
-827.0
-809.0
-744.0
-744.0
-759.0
-786.0
-786.0
-742.0
-742.0
-693.0
-625.0
-633.0
-666.0
-657.0
-646.0
-643.0
-617.0
-585.0
-551.0
-485.0
-485.0
-502.0
-467.0
-411.0
-381.0
-370.0
-365.0
-382.0
-431.0
-451.0
-455.0
-482.0
-508.0
-505.0
-544.0
-544.0
-551.0
-554.0
-539.0
-547.0
-562.0
-567.0
-577.0
-609.0
-670.0
-704.0
-728.0
-829.0
-829.0
-883.0
-955.0
-944.0
-916.0
-996.0
-1274.0
-1274.0
-1259.0
-1259.0
-776.0
-776.0
-1086.0
-1086.0
-1101.0
-1123.0
-1112.0
-1088.0
-1120.0
-1151.0
-1175.0
-1179.0
-1176.0
-1204.0
-1205.0
-1172.0
-1156.0
-1142.0
-1158.0
-1184.0
-1201.0
-1183.0
-1152.0
-1131.0
-1121.0
-1119.0
-1129.0
-1149.0
-1132.0
-1144.0
-1150.0
-1136.0
-1186.0
-1183.0
-1144.0
-1160.0
-1164.0
-1129.0
-1164.0
-1201.0
-1183.0
-1178.0
-1179.0
-1176.0
-1166.0
-1152.0
-1192.0
-1237.0
-1223.0
-1190.0
-1173.0
-1160.0
-1124.0
-1112.0
-1123.0
-1139.0
-1128.0
-1097.0
-1072.0
-1050.0
-1042.0
-1049.0
-1060.0
-1088.0
-1133.0
-1141.0
-1128.0
-1144.0
-1150.0
-1144.0
-1127.0
-1104.0
-1117.0
-1126.0
-1143.0
-1211.0
-1241.0
-1237.0
-1272.0
-1242.0
-1210.0
-1243.0
-1303.0
-1303.0
-1340.0
-1356.0
-1347.0
-1369.0
-1395.0
-1409.0
-1416.0
-1422.0
-1429.0
-1457.0
-1463.0
-1488.0
-1555.0
-1555.0
-1543.0
-1544.0
-1596.0
-1673.0
-1733.0
-1785.0
-1777.0
-1900.0
-1900.0
-1916.0
-1918.0
-1913.0
-1946.0
-1988.0
-1957.0
-1949.0
-1932.0
-1950.0
-2020.0
-2010.0
-1916.0
-1866.0
-1990.0
-2210.0
-2210.0
-1707.0
-1707.0
-1779.0
-1809.0
-1809.0
-1822.0
-1570.0
-1570.0
-1482.0
-1482.0
-1446.0
-1448.0
-1430.0
-1378.0
-1313.0
-1233.0
-1233.0
-1207.0
-1187.0
-1142.0
-1116.0
-1140.0
-1164.0
-1127.0
-1026.0
-798.0
-798.0
-1094.0
-1094.0
-1120.0
-1123.0
-1064.0
-1053.0
-1040.0
-775.0
-775.0
-1048.0
-1048.0
-1037.0
-990.0
-990.0
-1090.0
-1090.0
-1077.0
-1082.0
-1123.0
-1120.0
-1040.0
-784.0
-784.0
-1077.0
-1077.0
-1068.0
-1056.0
-1064.0
-1057.0
-1089.0
-1074.0
-1022.0
-1022.0
-1040.0
-1040.0
-1024.0
-1024.0
-1079.0
-1079.0
-1068.0
-1135.0
-1184.0
-1212.0
-1249.0
-1183.0
-1143.0
-1183.0
-1190.0
-1265.0
-1174.0
-1123.0
-1174.0
-1155.0
-1157.0
-1180.0
-1188.0
-1180.0
-1133.0
-1121.0
-1196.0
-1211.0
-1223.0
-1266.0
-1244.0
-1183.0
-1205.0
-1176.0
-1137.0
-1115.0
-1120.0
-1197.0
-1188.0
-1139.0
-1124.0
-1101.0
-1062.0
-1078.0
-1113.0
-1060.0
-1000.0
-1000.0
-1249.0
-1249.0
-901.0
-901.0
-962.0
-1087.0
-1087.0
-1078.0
-1084.0
-1071.0
-1050.0
-1066.0
-1076.0
-775.0
-775.0
-1088.0
-1088.0
-1049.0
-976.0
-976.0
-970.0
-975.0
-1010.0
-966.0
-935.0
-807.0
-1181.0
-1181.0
-1160.0
-1172.0
-1175.0
-1222.0
-1261.0
-1151.0
-1115.0
-1202.0
-1227.0
-1230.0
-1231.0
-1195.0
-1164.0
-1176.0
-1188.0
-1190.0
-1244.0
-1249.0
-1190.0
-1176.0
-1230.0
-1259.0
-1234.0
-1225.0
-1229.0
-1227.0
-1192.0
-1158.0
-1139.0
-1144.0
-1166.0
-1171.0
-1154.0
-1102.0
-1080.0
-1087.0
-1056.0
-1078.0
-1092.0
-1094.0
-1162.0
-1149.0
-1090.0
-1073.0
-1090.0
-1133.0
-1112.0
-1086.0
-1066.0
-999.0
-999.0
-1222.0
-1222.0
-865.0
-865.0
-820.0
-773.0
-760.0
-760.0
-1006.0
-1006.0
-708.0
-708.0
-752.0
-768.0
-1004.0
-1004.0
-742.0
-742.0
-864.0
-864.0
-814.0
-772.0
-799.0
-835.0
-862.0
-890.0
-865.0
-866.0
-943.0
-949.0
-956.0
-971.0
-952.0
-983.0
-1050.0
-1050.0
-1097.0
-1084.0
-1039.0
-1045.0
-1079.0
-1062.0
-824.0
-824.0
-1150.0
-1150.0
-1155.0
-1113.0
-1093.0
-1062.0
-1048.0
-1017.0
-1017.0
-1107.0
-1107.0
-1088.0
-1058.0
-1055.0
-1104.0
-1093.0
-1086.0
-1081.0
-1056.0
-1003.0
-1003.0
-1011.0
-1014.0
-1027.0
-1027.0
-800.0
-800.0
-1271.0
-1271.0
-1248.0
-1248.0
-919.0
-919.0
-931.0
-974.0
-956.0
-893.0
-925.0
-1000.0
-966.0
-998.0
-1226.0
-1226.0
-953.0
-953.0
-985.0
-1005.0
-1014.0
-983.0
-967.0
-1003.0
-1054.0
-1054.0
-980.0
-980.0
-969.0
-977.0
-986.0
-930.0
-945.0
-975.0
-919.0
-904.0
-930.0
-961.0
-966.0
-954.0
-939.0
-967.0
-970.0
-959.0
-914.0
-889.0
-923.0
-907.0
-860.0
-896.0
-968.0
-947.0
-905.0
-920.0
-969.0
-1060.0
-1060.0
-1081.0
-1147.0
-1140.0
-1149.0
-1157.0
-1137.0
-1129.0
-1060.0
-806.0
-806.0
-1225.0
-1225.0
-800.0
-800.0
-983.0
-983.0
-952.0
-928.0
-970.0
-1017.0
-1060.0
-1060.0
-1026.0
-1049.0
-1060.0
-1062.0
-1082.0
-1101.0
-1140.0
-1148.0
-1134.0
-1141.0
-1174.0
-1143.0
-1078.0
-1072.0
-1108.0
-1180.0
-1194.0
-1144.0
-1166.0
-1174.0
-1097.0
-1086.0
-1133.0
-1123.0
-1076.0
-1006.0
-1006.0
-1280.0
-1280.0
-1116.0
-1116.0
-1145.0
-1148.0
-1143.0
-1151.0
-1090.0
-1074.0
-1135.0
-1096.0
-1038.0
-940.0
-940.0
-1006.0
-1157.0
-1157.0
-1197.0
-1123.0
-1154.0
-1127.0
-1116.0
-1239.0
-1247.0
-1242.0
-1205.0
-1133.0
-1105.0
-1089.0
-1094.0
-1054.0
-810.0
-810.0
-1071.0
-1071.0
-1054.0
-1047.0
-964.0
-964.0
-975.0
-1003.0
-1018.0
-1121.0
-1121.0
-1133.0
-1100.0
-821.0
-821.0
-1181.0
-1181.0
-1149.0
-1183.0
-1198.0
-1164.0
-1152.0
-1148.0
-1160.0
-1217.0
-1187.0
-1158.0
-1113.0
-1101.0
-1164.0
-1192.0
-1211.0
-1168.0
-1151.0
-1188.0
-1203.0
-1165.0
-1180.0
-1121.0
-1121.0
-1119.0
-1111.0
-1074.0
-1113.0
-1237.0
-1518.0
-1518.0
-1115.0
-1115.0
-1133.0
-1159.0
-1154.0
-1095.0
-1066.0
-1111.0
-1135.0
-1175.0
-1234.0
-1201.0
-1181.0
-1219.0
-1197.0
-1210.0
-1171.0
-1101.0
-1107.0
-1124.0
-1105.0
-1065.0
-1094.0
-1096.0
-1040.0
-1077.0
-1097.0
-1062.0
-1025.0
-1046.0
-1078.0
-959.0
-959.0
-991.0
-1040.0
-1040.0
-960.0
-960.0
-990.0
-1000.0
-967.0
-968.0
-966.0
-1070.0
-1070.0
-953.0
-953.0
-980.0
-947.0
-911.0
-913.0
-908.0
-901.0
-865.0
-867.0
-877.0
-894.0
-901.0
-992.0
-1015.0
-924.0
-966.0
-1010.0
-1007.0
-1074.0
-1074.0
-1087.0
-1053.0
-1029.0
-1040.0
-1079.0
-1043.0
-1039.0
-1061.0
-1016.0
-1016.0
-1137.0
-1137.0
-1168.0
-1201.0
-1189.0
-1171.0
-1186.0
-1273.0
-1337.0
-1337.0
-1327.0
-1344.0
-1418.0
-1479.0
-1601.0
-1601.0
-1677.0
-1736.0
-1720.0
-1744.0
-1774.0
-1890.0
-1890.0
-1904.0
-1886.0
-1837.0
-1854.0
-1912.0
-1929.0
-1880.0
-1775.0
-1775.0
-1737.0
-1646.0
-1570.0
-1453.0
-1453.0
-1429.0
-1409.0
-1393.0
-1344.0
-1222.0
-1222.0
-1142.0
-1084.0
-1027.0
-1023.0
-1023.0
-1090.0
-1090.0
-1165.0
-1142.0
-1228.0
-875.0
-875.0
-290.0
-290.0
-296.0
-394.0
-394.0
-763.0
-763.0
-1007.0
-1007.0
-741.0
-741.0
-211.0
-211.0
146.0
146.0
560.0
560.0
820.0
820.0
1053.0
1053.0
1087.0
1130.0
1139.0
1133.0
1159.0
1196.0
1194.0
1213.0
1256.0
1274.0
1337.0
1337.0
1336.0
1322.0
1294.0
1276.0
1276.0
1250.0
1219.0
1156.0
1095.0
875.0
875.0
863.0
881.0
790.0
440.0
440.0
-622.0
-622.0
-841.0
-841.0
-104.0
-104.0
956.0
956.0
1243.0
1243.0
729.0
729.0
-215.0
-215.0
-928.0
-928.0
-1429.0
-1429.0
-1430.0
-1422.0
-1399.0
-1293.0
-1116.0
-1116.0
-1050.0
-911.0
-911.0
-857.0
-807.0
-625.0
-625.0
-520.0
-276.0
-276.0
-403.0
-4.0
-4.0
171.0
171.0
234.0
318.0
318.0
332.0
364.0
403.0
432.0
497.0
626.0
626.0
673.0
847.0
847.0
937.0
837.0
1428.0
1428.0
1448.0
1324.0
1324.0
1258.0
1189.0
1189.0
-486.0
-486.0
-1176.0
-1176.0
1107.0
1107.0
2137.0
2137.0
1539.0
1539.0
954.0
954.0
-225.0
-225.0
-946.0
-946.0
-1385.0
-1385.0
-1552.0
-1552.0
-1865.0
-1865.0
-1830.0
-1801.0
-1799.0
-1811.0
-1745.0
-1745.0
-1689.0
-1621.0
-1589.0
-1551.0
-1377.0
-1377.0
-1182.0
-1182.0
-1124.0
-1043.0
-856.0
-856.0
-599.0
-599.0
-716.0
-473.0
-473.0
-14.0
-14.0
254.0
254.0
174.0
608.0
608.0
1031.0
1031.0
1388.0
1388.0
1428.0
1347.0
1387.0
-59.0
-59.0
-1175.0
-1175.0
-152.0
-152.0
1775.0
1775.0
1540.0
1540.0
1509.0
736.0
736.0
-50.0
-50.0
-840.0
-840.0
-1417.0
-1417.0
-1480.0
-1536.0
-1575.0
-1575.0
-1613.0
-1621.0
-1610.0
-1584.0
-1580.0
-1574.0
-1490.0
-1490.0
-1446.0
-1401.0
-1374.0
-1324.0
-1175.0
-1175.0
-1110.0
-1038.0
-857.0
-857.0
-662.0
-662.0
-578.0
-418.0
-418.0
-355.0
-296.0
-186.0
-186.0
-102.0
-5.0
166.0
166.0
215.0
411.0
411.0
460.0
492.0
473.0
412.0
443.0
-318.0
-318.0
-1404.0
-1404.0
-1345.0
-1345.0
47.0
47.0
611.0
611.0
18.0
18.0
-333.0
-333.0
-1264.0
-1264.0
-1782.0
-1782.0
-2289.0
-2289.0
-2442.0
-2442.0
-2438.0
-2452.0
-2476.0
-2454.0
-2425.0
-2380.0
-2368.0
-2346.0
-2289.0
-2289.0
-2219.0
-2132.0
-1919.0
-1919.0
-2036.0
-1763.0
-1763.0
-1524.0
-1524.0
-1269.0
-1269.0
-823.0
-823.0
-951.0
-734.0
-734.0
-272.0
-272.0
-186.0
-186.0
-67.0
-179.0
131.0
131.0
360.0
360.0
741.0
741.0
718.0
727.0
531.0
531.0
129.0
129.0
-570.0
-570.0
-458.0
-458.0
1237.0
1237.0
680.0
680.0
79.0
79.0
-280.0
-280.0
-1014.0
-1014.0
-1333.0
-1333.0
-1541.0
-1541.0
-1865.0
-1865.0
-1858.0
-1848.0
-1856.0
-1878.0
-1884.0
-1811.0
-1604.0
-1604.0
-1853.0
-1853.0
-1814.0
-1696.0
-1696.0
-1595.0
-1485.0
-1485.0
-1394.0
-1293.0
-1133.0
-1133.0
-1068.0
-917.0
-917.0
-794.0
-602.0
-602.0
-532.0
-450.0
-450.0
-384.0
-312.0
-148.0
-148.0
-196.0
-196.0
20.0
20.0
166.0
166.0
65.0
137.0
-356.0
-356.0
-365.0
-1083.0
-1083.0
-826.0
-826.0
706.0
706.0
697.0
144.0
144.0
-362.0
-362.0
-926.0
-926.0
-1315.0
-1315.0
-1633.0
-1633.0
-2013.0
-2013.0
-2064.0
-2064.0
-2056.0
-2058.0
-1973.0
-1973.0
-1966.0
-1980.0
-1990.0
-1995.0
-1948.0
-1854.0
-1843.0
-1835.0
-1680.0
-1680.0
-1603.0
-1392.0
-1392.0
-1317.0
-1168.0
-1168.0
-1063.0
-864.0
-864.0
-611.0
-611.0
-551.0
-543.0
-352.0
-352.0
-131.0
-131.0
-211.0
196.0
196.0
193.0
723.0
723.0
792.0
792.0
771.0
894.0
745.0
745.0
52.0
52.0
-297.0
-297.0
-323.0
834.0
834.0
908.0
908.0
88.0
88.0
-477.0
-477.0
-873.0
-873.0
-1499.0
-1499.0
-1639.0
-1639.0
-1686.0
-1770.0
-1902.0
-1902.0
-1853.0
-1841.0
-1916.0
-1948.0
-1952.0
-1957.0
-1963.0
-1940.0
-1874.0
-1830.0
-1713.0
-1713.0
-1733.0
-1738.0
-1637.0
-1437.0
-1437.0
-1369.0
-1282.0
-1280.0
-1280.0
-960.0
-960.0
-901.0
-836.0
-814.0
-844.0
-850.0
-822.0
-835.0
-852.0
-794.0
-537.0
-537.0
-616.0
-301.0
-301.0
-309.0
-399.0
-455.0
-350.0
-635.0
-635.0
-705.0
-586.0
-1434.0
-1434.0
-484.0
-484.0
358.0
358.0
-30.0
-30.0
-621.0
-621.0
-1111.0
-1111.0
-1364.0
-1364.0
-1625.0
-1625.0
-2041.0
-2041.0
-2293.0
-2293.0
-2169.0
-2169.0
-2186.0
-2201.0
-2179.0
-2188.0
-2194.0
-2244.0
-2304.0
-2284.0
-2262.0
-2242.0
-2205.0
-2160.0
-2050.0
-1918.0
-1918.0
-1869.0
-1832.0
-1711.0
-1711.0
-1587.0
-1419.0
-1419.0
-1531.0
-1037.0
-1037.0
-866.0
-866.0
-775.0
-638.0
-638.0
-532.0
-305.0
-305.0
-363.0
197.0
197.0
192.0
189.0
198.0
190.0
163.0
189.0
105.0
167.0
-569.0
-569.0
-668.0
673.0
673.0
791.0
791.0
39.0
39.0
-460.0
-460.0
-820.0
-820.0
-1115.0
-1115.0
-1353.0
-1353.0
-1768.0
-1768.0
-1771.0
-2035.0
-2035.0
-1563.0
-1563.0
-1827.0
-1827.0
-1832.0
-1853.0
-1803.0
-1774.0
-1774.0
-1768.0
-1709.0
-1626.0
-1592.0
-1560.0
-1393.0
-1393.0
-1309.0
-1128.0
-1128.0
-1070.0
-1047.0
-1060.0
-856.0
-856.0
-711.0
-711.0
-726.0
-739.0
-651.0
-575.0
-540.0
-340.0
-340.0
-433.0
-115.0
-115.0
-160.0
-223.0
-447.0
-447.0
-449.0
-666.0
-666.0
-769.0
-1270.0
-1270.0
27.0
27.0
584.0
584.0
482.0
-305.0
-305.0
-1064.0
-1064.0
-1435.0
-1435.0
-1550.0
-1800.0
-1800.0
-2132.0
-2132.0
-2116.0
-2184.0
-2281.0
-2269.0
-2241.0
-2254.0
-2213.0
-2209.0
-2213.0
-2171.0
-2129.0
-2127.0
-2109.0
-2049.0
-1904.0
-1904.0
-1729.0
-1729.0
-1709.0
-1691.0
-1691.0
-1297.0
-1297.0
-1390.0
-915.0
-915.0
-873.0
-666.0
-666.0
-613.0
-554.0
-351.0
-351.0
-176.0
-176.0
-57.0
-163.0
504.0
504.0
398.0
683.0
683.0
645.0
589.0
663.0
640.0
521.0
487.0
-565.0
-565.0
335.0
335.0
1303.0
1303.0
1006.0
1006.0
154.0
154.0
-277.0
-277.0
-663.0
-663.0
-1157.0
-1157.0
-1051.0
-1449.0
-1449.0
-1521.0
-1583.0
-1583.0
-1594.0
-1652.0
-1711.0
-1673.0
-1690.0
-1741.0
-1727.0
-1706.0
-1664.0
-1622.0
-1626.0
-1633.0
-1572.0
-1446.0
-1446.0
-1369.0
-1462.0
-1192.0
-1192.0
-1127.0
-936.0
-936.0
-868.0
-805.0
-694.0
-694.0
-696.0
-660.0
-624.0
-606.0
-561.0
-548.0
-579.0
-707.0
-404.0
-404.0
-81.0
-81.0
-132.0
-207.0
-331.0
-331.0
-315.0
-429.0
-412.0
-1207.0
-1207.0
-44.0
-44.0
519.0
519.0
41.0
41.0
-46.0
-945.0
-945.0
-887.0
-1356.0
-1356.0
-1410.0
-1466.0
-1503.0
-1484.0
-1531.0
-1582.0
-1582.0
-1592.0
-1628.0
-1653.0
-1645.0
-1604.0
-1606.0
-1667.0
-1706.0
-1747.0
-1786.0
-1808.0
-1808.0
-1772.0
-1772.0
-2028.0
-2028.0
-1699.0
-1699.0
-1670.0
-1605.0
-1549.0
-1457.0
-1457.0
-1471.0
-1458.0
-1353.0
-1256.0
-1256.0
-1204.0
-1127.0
-1080.0
-1029.0
-803.0
-803.0
-869.0
-305.0
-305.0
-308.0
153.0
153.0
122.0
57.0
92.0
160.0
97.0
137.0
-867.0
-867.0
-823.0
230.0
230.0
879.0
879.0
365.0
365.0
-586.0
-586.0
-1184.0
-1184.0
-1061.0
-1408.0
-1408.0
-1539.0
-1539.0
-1901.0
-1901.0
-1861.0
-1905.0
-1864.0
-1838.0
-1847.0
-1685.0
-1685.0
-1622.0
-1652.0
-1603.0
-1446.0
-1446.0
-1394.0
-1324.0
-1189.0
-1189.0
-1065.0
-996.0
-996.0
-936.0
-875.0
-788.0
-653.0
-653.0
-552.0
-496.0
-496.0
-435.0
-458.0
-458.0
-90.0
-90.0
135.0
135.0
236.0
135.0
532.0
532.0
853.0
853.0
1153.0
1153.0
1161.0
1125.0
1122.0
1222.0
510.0
510.0
-23.0
-23.0
841.0
841.0
1294.0
1294.0
1333.0
273.0
273.0
228.0
-417.0
-417.0
-562.0
-562.0
-995.0
-995.0
-1126.0
-1126.0
-1124.0
-1154.0
-1203.0
-1225.0
-1201.0
-1162.0
-1126.0
-1074.0
-1025.0
-1011.0
-1011.0
-1005.0
-1258.0
-1258.0
-968.0
-968.0
-914.0
-856.0
-720.0
-720.0
-765.0
-734.0
-643.0
-592.0
-572.0
-423.0
-423.0
-395.0
-334.0
-319.0
-284.0
-395.0
80.0
80.0
140.0
17.0
448.0
448.0
955.0
955.0
950.0
887.0
950.0
985.0
898.0
901.0
-149.0
-149.0
-788.0
-788.0
652.0
652.0
2011.0
2011.0
1274.0
1274.0
116.0
116.0
-376.0
-376.0
-1017.0
-1017.0
-894.0
-1247.0
-1247.0
-1288.0
-1288.0
-1322.0
-1385.0
-1368.0
-1331.0
-1343.0
-1338.0
-1309.0
-1260.0
-1260.0
-1520.0
-1520.0
-1212.0
-1212.0
-1205.0
-1212.0
-1197.0
-1152.0
-1129.0
-1115.0
-1073.0
-963.0
-963.0
-939.0
-954.0
-905.0
-899.0
-883.0
-856.0
-928.0
-958.0
-877.0
-884.0
-952.0
-846.0
-724.0
-724.0
-576.0
-576.0
-59.0
-59.0
93.0
93.0
166.0
253.0
502.0
502.0
-486.0
-486.0
-1249.0
-1249.0
-155.0
-155.0
736.0
736.0
634.0
-153.0
-153.0
-879.0
-879.0
-1136.0
-1136.0
-1383.0
-1383.0
-1769.0
-1769.0
-1775.0
-1790.0
-1775.0
-1739.0
-1703.0
-1630.0
-1590.0
-1541.0
-1565.0
-1567.0
-1387.0
-1387.0
-1376.0
-1341.0
-1229.0
-1229.0
-1249.0
-1212.0
-1140.0
-1063.0
-1045.0
-1030.0
-943.0
-943.0
-891.0
-886.0
-817.0
-790.0
-633.0
-633.0
-572.0
-437.0
-437.0
-343.0
-260.0
-23.0
-23.0
-89.0
473.0
473.0
393.0
825.0
825.0
915.0
978.0
1243.0
1243.0
230.0
230.0
-893.0
-893.0
-768.0
904.0
904.0
1391.0
1391.0
634.0
634.0
156.0
156.0
-559.0
-559.0
-862.0
-862.0
-1256.0
-1256.0
-1273.0
-1402.0
-1402.0
-1367.0
-1286.0
-1055.0
-1055.0
-1479.0
-1479.0
-1253.0
-1253.0
-1277.0
-1230.0
-1275.0
-1411.0
-1411.0
-1398.0
-1372.0
-1422.0
-1466.0
-1486.0
-1439.0
-1387.0
-1434.0
-1497.0
-1501.0
-1477.0
-1455.0
-1429.0
-1417.0
-1382.0
-1366.0
-1380.0
-1311.0
-1163.0
-1163.0
-1149.0
-1055.0
-1172.0
-570.0
-570.0
-620.0
-18.0
-18.0
136.0
136.0
71.0
-209.0
-209.0
171.0
171.0
-621.0
-621.0
-1205.0
-1205.0
182.0
182.0
835.0
835.0
49.0
49.0
-428.0
-428.0
-926.0
-926.0
-1050.0
-1387.0
-1387.0
-1453.0
-1476.0
-1413.0
-1338.0
-1321.0
-1227.0
-1227.0
-1243.0
-1189.0
-1088.0
-868.0
-868.0
-859.0
-825.0
-656.0
-656.0
-637.0
-585.0
-520.0
-477.0
-477.0
-452.0
-382.0
-362.0
-303.0
-281.0
-309.0
-152.0
-152.0
-77.0
76.0
76.0
177.0
341.0
341.0
451.0
500.0
632.0
632.0
738.0
626.0
1057.0
1057.0
1412.0
1412.0
1449.0
1338.0
1316.0
1316.0
1192.0
-145.0
-145.0
-444.0
-444.0
1093.0
1093.0
1486.0
1486.0
797.0
797.0
-197.0
-197.0
-557.0
-557.0
-1009.0
-1009.0
-974.0
-917.0
-905.0
-860.0
-701.0
-701.0
-671.0
-594.0
-285.0
-285.0
-654.0
-654.0
-698.0
-704.0
-673.0
-694.0
-739.0
-705.0
-687.0
-711.0
-657.0
-681.0
-749.0
-735.0
-719.0
-729.0
-719.0
-672.0
-679.0
-689.0
-661.0
-622.0
-623.0
-607.0
-544.0
-516.0
-544.0
-547.0
-344.0
-344.0
-336.0
-287.0
-367.0
159.0
159.0
206.0
200.0
424.0
424.0
545.0
545.0
-355.0
-355.0
-1289.0
-1289.0
-551.0
-551.0
762.0
762.0
519.0
519.0
-235.0
-235.0
-645.0
-645.0
-1158.0
-1158.0
-1191.0
-1149.0
-1137.0
-1145.0
-1113.0
-1041.0
-963.0
-963.0
-959.0
-922.0
-883.0
-876.0
-872.0
-880.0
-899.0
-929.0
-948.0
-916.0
-896.0
-938.0
-952.0
-956.0
-916.0
-892.0
-851.0
-868.0
-992.0
-977.0
-953.0
-941.0
-885.0
-846.0
-822.0
-773.0
-651.0
-651.0
-571.0
-452.0
-452.0
-459.0
-400.0
-317.0
-53.0
-53.0
-165.0
223.0
223.0
232.0
229.0
792.0
792.0
595.0
595.0
-1270.0
-1270.0
-1212.0
-486.0
-486.0
1071.0
1071.0
1164.0
681.0
681.0
-250.0
-250.0
-656.0
-656.0
-826.0
-826.0
-1095.0
-1095.0
-1078.0
-1096.0
-1076.0
-988.0
-988.0
-1011.0
-958.0
-874.0
-829.0
-742.0
-742.0
-795.0
-795.0
-694.0
-694.0
-647.0
-661.0
-642.0
-541.0
-450.0
-450.0
-411.0
-359.0
-211.0
-211.0
-245.0
-191.0
-121.0
-81.0
-18.0
143.0
143.0
213.0
277.0
277.0
382.0
390.0
300.0
326.0
427.0
609.0
609.0
696.0
610.0
827.0
827.0
1055.0
1055.0
1668.0
1668.0
1762.0
874.0
874.0
-313.0
-313.0
-169.0
-169.0
1373.0
1373.0
1380.0
1380.0
687.0
687.0
-256.0
-256.0
-523.0
-523.0
-864.0
-864.0
-964.0
-946.0
-944.0
-998.0
-972.0
-946.0
-955.0
-944.0
-925.0
-970.0
-970.0
-953.0
-892.0
-838.0
-791.0
-756.0
-756.0
-766.0
-750.0
-696.0
-671.0
-634.0
-632.0
-637.0
-546.0
-486.0
-486.0
-435.0
-383.0
-353.0
-337.0
-309.0
-262.0
-223.0
-223.0
-117.0
-50.0
-30.0
-55.0
-73.0
-10.0
-127.0
427.0
427.0
618.0
618.0
571.0
513.0
520.0
379.0
379.0
235.0
235.0
-274.0
-274.0
-825.0
-825.0
-701.0
761.0
761.0
705.0
705.0
-394.0
-394.0
-773.0
-773.0
-1128.0
-1128.0
-1151.0
-1231.0
-1286.0
-1286.0
-1350.0
-1396.0
-1394.0
-1419.0
-1407.0
-1393.0
-1369.0
-1363.0
-1356.0
-1305.0
-1296.0
-1329.0
-1355.0
-1327.0
-1250.0
-1250.0
-1260.0
-1213.0
-1143.0
-1087.0
-1107.0
-1104.0
-1027.0
-967.0
-967.0
-984.0
-939.0
-876.0
-870.0
-862.0
-802.0
-657.0
-657.0
-580.0
-563.0
-435.0
-435.0
-412.0
-284.0
-341.0
47.0
47.0
273.0
273.0
681.0
681.0
765.0
727.0
685.0
627.0
-454.0
-454.0
-528.0
-683.0
-683.0
524.0
524.0
779.0
779.0
90.0
90.0
-762.0
-762.0
-823.0
-1153.0
-1153.0
-1363.0
-1363.0
-1331.0
-1338.0
-1369.0
-1322.0
-1050.0
-1050.0
-1344.0
-1344.0
-1220.0
-1220.0
-1175.0
-1128.0
-1068.0
-873.0
-873.0
-779.0
-776.0
-796.0
-576.0
-576.0
-606.0
-595.0
-366.0
-366.0
-339.0
-285.0
-238.0
-238.0
-186.0
-216.0
-183.0
-113.0
-72.0
-50.0
-5.0
7.0
7.0
413.0
413.0
290.0
714.0
714.0
1163.0
1163.0
1217.0
1130.0
1409.0
1409.0
1307.0
502.0
502.0
-463.0
-463.0
315.0
315.0
1367.0
1367.0
1309.0
751.0
751.0
-287.0
-287.0
-619.0
-619.0
-818.0
-818.0
-1137.0
-1137.0
-1175.0
-1145.0
-1132.0
-1154.0
-1144.0
-1150.0
-1136.0
-1117.0
-1098.0
-1072.0
-1033.0
-933.0
-933.0
-886.0
-817.0
-818.0
-835.0
-772.0
-713.0
-713.0
-646.0
-607.0
-583.0
-578.0
-561.0
-551.0
-533.0
-516.0
-593.0
-647.0
-663.0
-692.0
-705.0
-710.0
-724.0
-681.0
-634.0
-622.0
-583.0
-527.0
-439.0
-439.0
0.0
0.0
406.0
406.0
451.0
735.0
735.0
714.0
595.0
503.0
-616.0
-616.0
-596.0
-596.0
629.0
629.0
567.0
567.0
-248.0
-248.0
-637.0
-637.0
-1524.0
-1524.0
-1609.0
-1609.0
-1648.0
-1658.0
-1642.0
-1639.0
-1686.0
-1716.0
-1713.0
-1744.0
-1758.0
-1706.0
-1675.0
-1637.0
-1620.0
-1627.0
-1590.0
-1566.0
-1541.0
-1439.0
-1439.0
-1402.0
-1339.0
-1322.0
-1196.0
-1196.0
-1223.0
-1195.0
-1163.0
-1173.0
-1128.0
-1065.0
-946.0
-946.0
-912.0
-835.0
-781.0
-909.0
-630.0
-630.0
-607.0
-378.0
-378.0
-489.0
-90.0
-90.0
33.0
359.0
359.0
541.0
541.0
830.0
830.0
1126.0
1126.0
1034.0
-64.0
-64.0
-711.0
-711.0
862.0
862.0
1621.0
1621.0
861.0
861.0
-64.0
-64.0
-522.0
-522.0
-774.0
-774.0
-1245.0
-1245.0
-1320.0
-1320.0
-1288.0
-1328.0
-1377.0
-1367.0
-1346.0
-1368.0
-1345.0
-1063.0
-1063.0
-1513.0
-1513.0
-1237.0
-1237.0
-1186.0
-1076.0
-1042.0
-1029.0
-975.0
-975.0
-909.0
-849.0
-705.0
-705.0
-766.0
-748.0
-701.0
-709.0
-704.0
-680.0
-705.0
-661.0
-624.0
-618.0
-600.0
-587.0
-639.0
-678.0
-587.0
-705.0
-450.0
-450.0
36.0
36.0
358.0
358.0
456.0
406.0
915.0
915.0
871.0
-152.0
-152.0
-900.0
-900.0
-999.0
671.0
671.0
969.0
969.0
-73.0
-73.0
-1018.0
-1018.0
-1243.0
-1243.0
-1413.0
-1413.0
-1493.0
-1461.0
-1482.0
-1568.0
-1568.0
-1303.0
-1303.0
-1761.0
-1761.0
-1474.0
-1474.0
-1462.0
-1450.0
-1363.0
-1329.0
-1346.0
-1337.0
-1298.0
-1197.0
-1197.0
-1207.0
-1142.0
-1113.0
-1110.0
-1056.0
-1016.0
-1016.0
-1069.0
-1069.0
-1037.0
-1000.0
-1000.0
-1001.0
-970.0
-948.0
-901.0
-897.0
-938.0
-927.0
-859.0
-775.0
-684.0
-684.0
-613.0
-613.0
-512.0
-229.0
-229.0
189.0
189.0
378.0
378.0
268.0
308.0
-893.0
-893.0
-1475.0
-1475.0
165.0
165.0
897.0
897.0
183.0
183.0
-675.0
-675.0
-799.0
-1196.0
-1196.0
-1300.0
-1300.0
-1675.0
-1675.0
-1619.0
-1614.0
-1666.0
-1644.0
-1668.0
-1697.0
-1673.0
-1658.0
-1604.0
-1589.0
-1648.0
-1670.0
-1641.0
-1636.0
-1606.0
-1516.0
-1516.0
-1532.0
-1431.0
-1418.0
-1499.0
-1482.0
-1431.0
-1361.0
-1303.0
-1260.0
-1260.0
-1219.0
-1181.0
-1155.0
-1078.0
-915.0
-915.0
-876.0
-789.0
-771.0
-773.0
-607.0
-607.0
-546.0
-663.0
-329.0
-329.0
221.0
221.0
403.0
403.0
426.0
656.0
656.0
624.0
580.0
456.0
-823.0
-823.0
-826.0
-764.0
605.0
605.0
928.0
928.0
123.0
123.0
-676.0
-676.0
-796.0
-1087.0
-1087.0
-1423.0
-1423.0
-1463.0
-1485.0
-1527.0
-1591.0
-1591.0
-1625.0
-1605.0
-1629.0
-1662.0
-1654.0
-1664.0
-1657.0
-1665.0
-1699.0
-1739.0
-1788.0
-1856.0
-1856.0
-1811.0
-1798.0
-1831.0
-1705.0
-1705.0
-1688.0
-1665.0
-1644.0
-1627.0
-1573.0
-1562.0
-1540.0
-1497.0
-1497.0
-1511.0
-1518.0
-1431.0
-1379.0
-1354.0
-1331.0
-1299.0
-1159.0
-1159.0
-1135.0
-1208.0
-634.0
-634.0
-757.0
-469.0
-469.0
-112.0
-112.0
-205.0
123.0
123.0
185.0
-1180.0
-1180.0
-1742.0
-1742.0
-348.0
-348.0
688.0
688.0
121.0
121.0
-536.0
-536.0
-1299.0
-1299.0
-1735.0
-1735.0
-1926.0
-1926.0
-1973.0
-1910.0
-1926.0
-1944.0
-1907.0
-1886.0
-1873.0
-1857.0
-1806.0
-1719.0
-1719.0
-1728.0
-1741.0
-1754.0
-1736.0
-1709.0
-1649.0
-1614.0
-1617.0
-1639.0
-1664.0
-1626.0
-1560.0
-1526.0
-1526.0
-1504.0
-1462.0
-1456.0
-1424.0
-1356.0
-1323.0
-1054.0
-1054.0
-1026.0
-948.0
-948.0
-865.0
-671.0
-671.0
-764.0
-386.0
-386.0
-73.0
-73.0
475.0
475.0
672.0
672.0
766.0
763.0
674.0
674.0
-517.0
-517.0
-1420.0
-1420.0
-215.0
-215.0
886.0
886.0
26.0
26.0
-32.0
-859.0
-859.0
-1366.0
-1366.0
-1395.0
-1426.0
-1507.0
-1525.0
-1457.0
-1434.0
-1414.0
-1399.0
-1364.0
-1317.0
-1324.0
-1335.0
-1229.0
-1229.0
-1276.0
-1209.0
-1180.0
-1238.0
-1258.0
-1209.0
-1178.0
-1166.0
-1144.0
-1123.0
-1137.0
-1147.0
-1077.0
-1041.0
-1046.0
-1049.0
-1033.0
-969.0
-969.0
-913.0
-864.0
-796.0
-676.0
-676.0
-649.0
-598.0
-580.0
-399.0
-399.0
-309.0
-381.0
192.0
192.0
220.0
440.0
440.0
322.0
392.0
392.0
-402.0
-402.0
-1787.0
-1787.0
-1218.0
-1218.0
17.0
17.0
177.0
177.0
-517.0
-517.0
-1121.0
-1121.0
-1283.0
-1283.0
-1589.0
-1589.0
-1479.0
-1479.0
-1409.0
-1319.0
-1242.0
-1242.0
-1165.0
-1189.0
-1247.0
-1175.0
-1095.0
-841.0
-841.0
-1046.0
-1046.0
-845.0
-845.0
-1264.0
-1264.0
-1254.0
-1254.0
-927.0
-927.0
-963.0
-944.0
-907.0
-936.0
-937.0
-907.0
-897.0
-905.0
-916.0
-860.0
-977.0
-626.0
-626.0
-572.0
-372.0
-372.0
-482.0
-482.0
-12.0
-12.0
126.0
126.0
184.0
847.0
847.0
803.0
803.0
-655.0
-655.0
-1758.0
-1758.0
-1273.0
-1273.0
-204.0
-204.0
15.0
15.0
-462.0
-462.0
-775.0
-775.0
-1090.0
-1090.0
-1097.0
-1100.0
-1027.0
-841.0
-841.0
-729.0
-729.0
-725.0
-749.0
-755.0
-725.0
-686.0
-728.0
-817.0
-817.0
-846.0
-827.0
-874.0
-865.0
-865.0
-1204.0
-1204.0
-1260.0
-1517.0
-1517.0
-1617.0
-1617.0
-1673.0
-1712.0
-1766.0
-1745.0
-1775.0
-1863.0
-1863.0
-1672.0
-1672.0
-1636.0
-1716.0
-1720.0
-1605.0
-1362.0
-1362.0
-1100.0
-1100.0
-911.0
-911.0
-1016.0
-765.0
-765.0
-183.0
-183.0
54.0
54.0
-1318.0
-1318.0
-1895.0
-1895.0
-1823.0
-1761.0
-478.0
-478.0
-340.0
-340.0
-826.0
-826.0
-1493.0
-1493.0
-1406.0
-1751.0
-1751.0
-1709.0
-1622.0
-1431.0
-1431.0
-1333.0
-1158.0
-1158.0
-1125.0
-1105.0
-1096.0
-1045.0
-971.0
-971.0
-936.0
-882.0
-845.0
-843.0
-845.0
-843.0
-856.0
-831.0
-784.0
-899.0
-806.0
-1133.0
-1133.0
-1131.0
-1198.0
-1254.0
-1250.0
-1220.0
-1346.0
-1346.0
-1307.0
-1330.0
-1393.0
-1388.0
-1344.0
-1213.0
-1213.0
-1190.0
-1107.0
-964.0
-964.0
-959.0
-963.0
-921.0
-784.0
-784.0
-279.0
-279.0
-684.0
-684.0
-2228.0
-2228.0
-2334.0
-1897.0
-1897.0
-1239.0
-1239.0
-669.0
-669.0
-1137.0
-1137.0
-1655.0
-1655.0
-1794.0
-1794.0
-2254.0
-2254.0
-1829.0
-1829.0
-1946.0
-1745.0
-1745.0
-1332.0
-1332.0
-1364.0
-1351.0
-1299.0
-1249.0
-1249.0
-1204.0
-1213.0
-1233.0
-1194.0
-1210.0
-1254.0
-1245.0
-1253.0
-1243.0
-1215.0
-1198.0
-1168.0
-1121.0
-1129.0
-1156.0
-1119.0
-1101.0
-1123.0
-1127.0
-1098.0
-1029.0
-943.0
-943.0
-875.0
-819.0
-704.0
-704.0
-707.0
-630.0
-562.0
-328.0
-328.0
-408.0
115.0
115.0
162.0
198.0
80.0
725.0
725.0
716.0
-51.0
-51.0
-1402.0
-1402.0
-1378.0
-1378.0
12.0
12.0
523.0
523.0
436.0
-506.0
-506.0
-537.0
-1075.0
-1075.0
-1396.0
-1396.0
-1383.0
-1311.0
-1133.0
-1133.0
-1053.0
-936.0
-936.0
-899.0
-866.0
-798.0
-804.0
-820.0
-742.0
-742.0
-731.0
-694.0
-682.0
-709.0
-748.0
-838.0
-838.0
-892.0
-976.0
-1126.0
-1126.0
-1231.0
-1399.0
-1399.0
-1438.0
-1472.0
-1470.0
-1458.0
-1482.0
-1494.0
-1449.0
-1408.0
-1370.0
-1319.0
-1116.0
-1116.0
-1233.0
-842.0
-842.0
-788.0
-744.0
-744.0
-116.0
-116.0
29.0
29.0
-1025.0
-1025.0
-2473.0
-2473.0
-2006.0
-2006.0
-698.0
-698.0
-467.0
-467.0
-538.0
-1299.0
-1299.0
-1786.0
-1786.0
-1782.0
-1762.0
-1675.0
-1781.0
-1503.0
-1503.0
-1219.0
-1219.0
-917.0
-917.0
-854.0
-827.0
-838.0
-811.0
-781.0
-770.0
-791.0
-861.0
-896.0
-900.0
-858.0
-860.0
-921.0
-933.0
-952.0
-940.0
-946.0
-947.0
-914.0
-940.0
-954.0
-909.0
-948.0
-939.0
-894.0
-971.0
-941.0
-964.0
-964.0
-516.0
-516.0
-313.0
-313.0
-287.0
-109.0
-109.0
-53.0
181.0
181.0
53.0
489.0
489.0
511.0
-139.0
-139.0
-1121.0
-1121.0
-1287.0
-1287.0
-1481.0
-1481.0
-788.0
-788.0
-823.0
-904.0
-804.0
-1087.0
-1087.0
-1418.0
-1418.0
-1351.0
-1119.0
-1119.0
-1199.0
-520.0
-520.0
-613.0
-449.0
-449.0
-52.0
-52.0
-20.0
42.0
42.0
33.0
-27.0
-27.0
-44.0
-107.0
-144.0
-132.0
-138.0
-180.0
-63.0
-508.0
-508.0
-677.0
-677.0
-757.0
-958.0
-958.0
-1079.0
-1079.0
-1121.0
-1103.0
-1150.0
-1227.0
-1230.0
-1165.0
-1037.0
-803.0
-803.0
-712.0
-712.0
-622.0
-541.0
-513.0
-387.0
-387.0
-444.0
192.0
192.0
64.0
316.0
316.0
-368.0
-368.0
-1099.0
-1099.0
-1025.0
-1025.0
-513.0
-513.0
-427.0
158.0
158.0
-265.0
-265.0
-764.0
-764.0
-841.0
-841.0
-650.0
-650.0
-744.0
-427.0
-427.0
-112.0
-112.0
351.0
351.0
347.0
421.0
505.0
585.0
585.0
637.0
679.0
696.0
714.0
742.0
766.0
762.0
767.0
1012.0
1012.0
686.0
686.0
609.0
581.0
534.0
349.0
349.0
311.0
365.0
351.0
288.0
291.0
301.0
385.0
499.0
504.0
629.0
629.0
716.0
755.0
866.0
866.0
800.0
1339.0
1339.0
1352.0
585.0
585.0
-289.0
-289.0
-483.0
-483.0
176.0
176.0
290.0
330.0
330.0
387.0
-114.0
-114.0
-324.0
-324.0
-677.0
-677.0
-696.0
-709.0
-680.0
-579.0
-414.0
-414.0
-375.0
-372.0
-313.0
-159.0
-159.0
-86.0
-3.0
111.0
111.0
123.0
132.0
128.0
147.0
171.0
179.0
238.0
314.0
314.0
303.0
249.0
249.0
315.0
315.0
294.0
339.0
386.0
375.0
422.0
495.0
605.0
605.0
692.0
569.0
929.0
929.0
954.0
1096.0
1096.0
1150.0
1204.0
1468.0
1468.0
1410.0
1471.0
1471.0
239.0
239.0
-906.0
-906.0
-874.0
-37.0
-37.0
994.0
994.0
554.0
554.0
102.0
102.0
-315.0
-315.0
-531.0
-531.0
-881.0
-881.0
-906.0
-911.0
-903.0
-851.0
-799.0
-540.0
-540.0
-896.0
-896.0
-846.0
-829.0
-860.0
-833.0
-790.0
-781.0
-775.0
-789.0
-807.0
-716.0
-716.0
-720.0
-708.0
-665.0
-653.0
-594.0
-553.0
-537.0
-465.0
-465.0
-381.0
-364.0
-403.0
-382.0
-350.0
-328.0
-274.0
-114.0
-114.0
52.0
52.0
132.0
9.0
293.0
293.0
526.0
526.0
924.0
924.0
1018.0
1272.0
1272.0
1172.0
1472.0
1472.0
33.0
33.0
-1056.0
-1056.0
-557.0
-557.0
484.0
484.0
715.0
715.0
14.0
14.0
-7.0
-624.0
-624.0
-1164.0
-1164.0
-1187.0
-1184.0
-1199.0
-1190.0
-1178.0
-1159.0
-1108.0
-1092.0
-1081.0
-1047.0
-982.0
-982.0
-953.0
-939.0
-933.0
-953.0
-990.0
-1086.0
-1086.0
-1156.0
-1246.0
-1452.0
-1452.0
-1629.0
-1629.0
-1659.0
-1720.0
-2044.0
-2044.0
-1741.0
-1741.0
-1753.0
-1759.0
-1665.0
-1590.0
-1550.0
-1301.0
-1301.0
-1429.0
-1069.0
-1069.0
-856.0
-856.0
-979.0
-711.0
-711.0
-330.0
-330.0
198.0
198.0
111.0
681.0
681.0
749.0
656.0
1051.0
1051.0
1112.0
-71.0
-71.0
-941.0
-941.0
-973.0
-23.0
-23.0
101.0
170.0
170.0
-501.0
-501.0
-378.0
-539.0
-539.0
-905.0
-905.0
-897.0
-889.0
-915.0
-932.0
-928.0
-954.0
-945.0
-900.0
-870.0
-821.0
-774.0
-739.0
-739.0
-712.0
-680.0
-650.0
-658.0
-660.0
-648.0
-684.0
-702.0
-670.0
-663.0
-638.0
-622.0
-596.0
-547.0
-532.0
-522.0
-452.0
-452.0
-472.0
-450.0
-394.0
-324.0
-229.0
-229.0
-175.0
-184.0
-184.0
249.0
249.0
156.0
751.0
751.0
658.0
782.0
782.0
1025.0
1025.0
1373.0
1373.0
1467.0
1424.0
1337.0
1213.0
-162.0
-162.0
-731.0
-731.0
-182.0
-182.0
694.0
694.0
104.0
104.0
-308.0
-308.0
-608.0
-608.0
-600.0
-601.0
-601.0
-540.0
-530.0
-551.0
-577.0
-595.0
-622.0
-666.0
-743.0
-919.0
-919.0
-984.0
-1190.0
-1190.0
-1368.0
-1368.0
-1409.0
-1398.0
-1413.0
-1435.0
-1386.0
-1348.0
-1340.0
-1199.0
-1199.0
-1299.0
-1299.0
-1119.0
-1119.0
-1098.0
-1065.0
-1045.0
-1150.0
-1022.0
-747.0
-747.0
-700.0
-661.0
-661.0
-387.0
-387.0
191.0
191.0
111.0
685.0
685.0
720.0
615.0
845.0
845.0
1086.0
1086.0
1608.0
1608.0
1056.0
1056.0
-179.0
-179.0
-756.0
-756.0
-4.0
-4.0
27.0
622.0
622.0
154.0
154.0
-287.0
-287.0
-325.0
-376.0
-289.0
-147.0
-147.0
-102.0
-12.0
114.0
114.0
170.0
169.0
136.0
132.0
142.0
131.0
110.0
97.0
103.0
88.0
74.0
65.0
35.0
28.0
61.0
43.0
8.0
17.0
64.0
127.0
150.0
137.0
142.0
191.0
212.0
176.0
184.0
225.0
340.0
340.0
391.0
450.0
502.0
621.0
621.0
701.0
927.0
927.0
799.0
1059.0
1059.0
1173.0
1173.0
1143.0
1153.0
1117.0
1245.0
683.0
683.0
-531.0
-531.0
-1092.0
-1092.0
-1108.0
-159.0
-159.0
155.0
155.0
-453.0
-453.0
-962.0
-962.0
-1095.0
-1095.0
-1032.0
-911.0
-911.0
-914.0
-914.0
-547.0
-547.0
-433.0
-433.0
-391.0
-372.0
-336.0
-294.0
-208.0
-208.0
-163.0
-114.0
-65.0
-18.0
71.0
71.0
124.0
183.0
220.0
205.0
196.0
252.0
271.0
271.0
285.0
339.0
370.0
365.0
372.0
371.0
408.0
505.0
631.0
631.0
725.0
891.0
891.0
978.0
1070.0
1070.0
1115.0
1212.0
1440.0
1440.0
1400.0
1583.0
1583.0
1623.0
440.0
440.0
-276.0
-276.0
-278.0
-278.0
9.0
9.0
461.0
461.0
79.0
79.0
-444.0
-444.0
-496.0
-498.0
-418.0
-317.0
-146.0
-146.0
-193.0
-193.0
228.0
228.0
412.0
412.0
477.0
596.0
596.0
686.0
727.0
853.0
853.0
876.0
869.0
889.0
950.0
957.0
973.0
978.0
906.0
877.0
883.0
898.0
880.0
859.0
874.0
869.0
833.0
849.0
919.0
963.0
971.0
998.0
1062.0
1062.0
1043.0
1094.0
1141.0
1167.0
1185.0
1140.0
1103.0
1114.0
1099.0
1084.0
1075.0
1186.0
527.0
527.0
342.0
342.0
454.0
187.0
187.0
-185.0
-185.0
-325.0
-325.0
-352.0
-390.0
-431.0
-459.0
-468.0
-485.0
-496.0
-492.0
-500.0
-482.0
-407.0
-317.0
-132.0
-132.0
-18.0
75.0
75.0
122.0
106.0
88.0
81.0
63.0
33.0
6.0
-231.0
-231.0
34.0
34.0
-30.0
-30.0
55.0
55.0
149.0
200.0
214.0
391.0
391.0
412.0
506.0
727.0
727.0
970.0
970.0
1128.0
1128.0
1252.0
1401.0
1401.0
1451.0
1502.0
1660.0
1660.0
1766.0
1802.0
1802.0
1550.0
1550.0
1816.0
1816.0
1865.0
1855.0
1859.0
1805.0
1614.0
1614.0
1538.0
1444.0
1444.0
1376.0
1164.0
1164.0
1045.0
838.0
838.0
654.0
654.0
549.0
286.0
286.0
140.0
140.0
82.0
14.0
-156.0
-156.0
-159.0
-152.0
-249.0
-429.0
-429.0
-468.0
-501.0
-508.0
-638.0
-638.0
-657.0
-676.0
-734.0
-872.0
-872.0
-893.0
-906.0
-850.0
-773.0
-527.0
-527.0
-845.0
-845.0
-821.0
-803.0
-794.0
-805.0
-864.0
-882.0
-540.0
-540.0
-890.0
-890.0
-806.0
-839.0
-891.0
-823.0
-679.0
-679.0
-686.0
-692.0
-605.0
-698.0
-459.0
-459.0
-379.0
-175.0
-175.0
-170.0
-100.0
-86.0
-210.0
-489.0
-489.0
-62.0
-62.0
-101.0
-128.0
-55.0
-39.0
-154.0
-229.0
-161.0
-174.0
-214.0
-234.0
-403.0
-403.0
-344.0
-348.0
-467.0
-485.0
-632.0
-632.0
-649.0
-665.0
-733.0
-710.0
-703.0
-750.0
-849.0
-849.0
-822.0
-671.0
-671.0
-547.0
-523.0
-600.0
-615.0
-446.0
-446.0
-462.0
-348.0
-139.0
-139.0
-20.0
-72.0
-93.0
-23.0
138.0
138.0
218.0
222.0
216.0
303.0
303.0
269.0
289.0
346.0
357.0
355.0
80.0
80.0
19.0
-46.0
-46.0
-121.0
-172.0
-229.0
-357.0
-357.0
-447.0
-544.0
-544.0
-580.0
-614.0
-697.0
-846.0
-846.0
-909.0
-924.0
-953.0
-946.0
-909.0
-907.0
-946.0
-936.0
-933.0
-925.0
-944.0
-982.0
-969.0
-1001.0
-1014.0
-983.0
-933.0
-861.0
-850.0
-883.0
-960.0
-1254.0
-1254.0
-799.0
-799.0
-1086.0
-1086.0
-1183.0
-1270.0
-1447.0
-1447.0
-1319.0
-1549.0
-1549.0
-1599.0
-1599.0
-2019.0
-2019.0
-2042.0
-2054.0
-2054.0
-1811.0
-1811.0
-2083.0
-2083.0
-2097.0
-2078.0
-1941.0
-1941.0
-1970.0
-2002.0
-1925.0
-1869.0
-1841.0
-1683.0
-1683.0
-1641.0
-1622.0
-1581.0
-1477.0
-1477.0
-1455.0
-1392.0
-1387.0
-1363.0
-1309.0
-1315.0
-1198.0
-1198.0
-1124.0
-1112.0
-1115.0
-1073.0
-1034.0
-967.0
-967.0
-940.0
-913.0
-861.0
-794.0
-726.0
-726.0
-759.0
-743.0
-663.0
-618.0
-631.0
-623.0
-587.0
-552.0
-417.0
-417.0
-425.0
-417.0
-360.0
-286.0
-295.0
-303.0
-251.0
-251.0
-261.0
-261.0
-144.0
-144.0
-171.0
-243.0
-246.0
-185.0
-167.0
-208.0
-247.0
-311.0
-311.0
-325.0
-355.0
-402.0
-465.0
-502.0
-496.0
-469.0
-483.0
-552.0
-552.0
-568.0
-560.0
-578.0
-593.0
-579.0
-563.0
-555.0
-571.0
-613.0
-579.0
-530.0
-559.0
-566.0
-426.0
-426.0
-404.0
-332.0
-164.0
-164.0
-50.0
60.0
60.0
130.0
168.0
217.0
248.0
231.0
214.0
210.0
230.0
222.0
213.0
154.0
103.0
200.0
241.0
151.0
41.0
57.0
147.0
154.0
77.0
-193.0
-193.0
151.0
151.0
196.0
281.0
281.0
265.0
13.0
13.0
503.0
503.0
221.0
221.0
225.0
310.0
310.0
285.0
196.0
196.0
223.0
220.0
190.0
166.0
159.0
192.0
209.0
175.0
165.0
137.0
92.0
68.0
35.0
-82.0
-82.0
-115.0
-190.0
-216.0
-221.0
-312.0
-312.0
-378.0
-418.0
-415.0
-395.0
-388.0
-399.0
-367.0
-337.0
-321.0
-298.0
-301.0
-270.0
-239.0
-239.0
-230.0
-255.0
-271.0
-271.0
-296.0
-329.0
-357.0
-402.0
-467.0
-648.0
-648.0
-741.0
-900.0
-900.0
-935.0
-1022.0
-1148.0
-1148.0
-1184.0
-1227.0
-1190.0
-1186.0
-1197.0
-1145.0
-1071.0
-1040.0
-982.0
-982.0
-948.0
-952.0
-940.0
-843.0
-771.0
-800.0
-782.0
-725.0
-725.0
-695.0
-627.0
-596.0
-623.0
-624.0
-592.0
-595.0
-609.0
-594.0
-562.0
-548.0
-544.0
-528.0
-520.0
-508.0
-508.0
-521.0
-521.0
-513.0
-567.0
-594.0
-621.0
-638.0
-610.0
-645.0
-725.0
-782.0
-782.0
-758.0
-758.0
-797.0
-797.0
-786.0
-830.0
-856.0
-818.0
-837.0
-868.0
-805.0
-771.0
-795.0
-772.0
-639.0
-639.0
-630.0
-618.0
-535.0
-520.0
-549.0
-453.0
-453.0
-446.0
-434.0
-402.0
-353.0
-353.0
-376.0
-360.0
-349.0
-412.0
-420.0
-428.0
-464.0
-474.0
-501.0
-554.0
-554.0
-580.0
-607.0
-665.0
-705.0
-724.0
-750.0
-752.0
-768.0
-762.0
-754.0
-768.0
-810.0
-810.0
-792.0
-518.0
-518.0
-877.0
-877.0
-907.0
-904.0
-953.0
-1005.0
-994.0
-976.0
-998.0
-1256.0
-1256.0
-945.0
-945.0
-933.0
-943.0
-955.0
-932.0
-913.0
-909.0
-890.0
-865.0
-846.0
-812.0
-725.0
-725.0
-731.0
-711.0
-685.0
-669.0
-645.0
-632.0
-614.0
-583.0
-544.0
-521.0
-496.0
-496.0
-489.0
-501.0
-507.0
-502.0
-492.0
-483.0
-489.0
-491.0
-613.0
-613.0
-634.0
-651.0
-658.0
-664.0
-678.0
-702.0
-719.0
-717.0
-731.0
-737.0
-751.0
-782.0
-782.0
-768.0
-768.0
-835.0
-835.0
-837.0
-818.0
-787.0
-780.0
-797.0
-806.0
-818.0
-878.0
-866.0
-812.0
-815.0
-822.0
-799.0
-796.0
-820.0
-818.0
-800.0
-812.0
-803.0
-539.0
-539.0
-925.0
-925.0
-928.0
-883.0
-941.0
-993.0
-1013.0
-1002.0
-992.0
-1023.0
-1258.0
-1258.0
-781.0
-781.0
-1105.0
-1105.0
-1108.0
-1132.0
-1108.0
-1127.0
-1228.0
-1128.0
-1519.0
-1519.0
-1720.0
-1720.0
-1592.0
-1855.0
-1855.0
-1929.0
-1934.0
-1918.0
-1915.0
-1852.0
-1725.0
-1725.0
-1676.0
-1704.0
-1696.0
-1576.0
-1548.0
-1559.0
-1400.0
-1400.0
-1332.0
-1360.0
-1348.0
-1281.0
-1053.0
-1053.0
-1353.0
-1353.0
-1340.0
-1313.0
-1319.0
-1325.0
-1297.0
-1207.0
-1207.0
-1202.0
-1218.0
-1162.0
-1140.0
-1128.0
-1108.0
-1147.0
-1150.0
-1133.0
-1205.0
-1222.0
-1205.0
-1229.0
-1212.0
-1219.0
-1245.0
-1241.0
-1221.0
-1174.0
-1233.0
-1394.0
-1394.0
-1407.0
-1415.0
-1429.0
-1409.0
-1379.0
-1359.0
