91.941
91.945
91.968
92.111
91.959
91.661
91.88
91.924
91.934
91.706
91.738
91.73
91.733
91.753
91.683
91.657
91.647
91.439
91.572
91.666
91.854
91.872
91.957
92.285
92.169
92.27
92.169
92.302
92.55
92.483
92.339
92.33
92.233
92.408
92.46
92.365
92.403
92.115
92.137
92.133
92.248
92.297
92.207
92.284
92.361
92.377
92.696
92.693
92.561
92.59
92.601
92.534
92.556
92.549
92.634
92.66
92.642
92.537
92.499
92.611
92.619
92.722
92.812
92.872
92.818
92.748
92.852
93.354
93.366
93.587
93.536
93.554
93.556
93.555
93.522
93.57
93.642
93.406
93.331
93.368
93.339
93.453
93.341
93.424
93.545
93.58
93.543
93.502
93.545
93.519
93.406
93.252
93.333
93.324
93.318
93.429
93.439
93.442
93.467
93.403
93.368
93.471
93.336
93.194
93.121
93.054
93.067
93.15
93.043
93.108
93.145
93.153
93.17
93.102
93.187
93.326
93.384
93.377
93.325
93.275
93.266
93.271
93.34
93.272
93.086
93.07
93.119
93.167
93.156
93.184
93.253
93.282
93.403
93.423
93.415
93.441
93.414
93.449
93.581
93.529
93.619
93.899
93.917
94.051
94.072
94.052
93.982
93.933
94.001
94.018
93.973
93.832
93.914
93.907
93.926
93.979
93.921
94.14
94.144
94.158
94.33
94.424
94.426
94.667
94.89
94.916
94.944
94.831
94.875
94.8
94.906
94.903
94.918
95.052
95.357
95.364
95.419
95.343
95.281
95.368
95.556
95.508
95.622
95.719
95.884
96.273
95.983
96.084
95.98
95.737
95.834
95.825
96.054
96.02
95.96
96.162
96.168
96.084
96.116
96.219
96.134
96.093
96.077
96.062
96.042
96.085
96.123
96.032
96.079
96.163
96.153
96.113
96.083
96.205
96.257
96.242
96.278
96.276
96.31
96.594
96.627
96.53
96.583
96.621
96.517
96.453
96.43
96.406
96.381
96.189
96.003
95.852
95.921
96.011
96.164
96.114
96.013
95.958
95.948
95.919
95.976
96.065
95.987
95.899
95.892
96.056
95.927
95.85
95.659
95.757
95.717
95.76
95.486
95.848
95.838
95.744
95.705
95.899
96.034
96.1
96.02
96.034
96.047
95.982
96.011
96.116
96.048
96.039
96.022
95.845
95.788
95.819
95.882
96.066
95.954
96.022
96.182
96.41
96.368
96.337
96.476
96.445
96.344
96.238
96.188
95.882
95.904
95.998
96.081
96.094
96.098
96.071
96.003
96.204
96.044
96.094
96.195
96.115
96.159
96.096
96.033
96.02
96.169
96.15
96.016
95.855
95.784
95.49
95.228
95.349
95.534
95.504
95.374
95.256
94.712
94.927
94.884
94.917
94.748
94.663
94.663
94.744
94.413
94.422
94.773
94.946
94.973
94.914
95.066
94.992
94.977
95.016
94.951
95.145
95.374
95.398
95.321
95.115
95.255
95.355
95.403
95.473
95.579
95.679
95.543
95.583
95.425
95.544
95.434
95.424
95.355
95.303
95.413
95.387
95.354
95.023
94.723
94.823
94.9
94.98
95.066
95.096
95.151
95.037
95.054
94.893
94.974
95.006
95.068
95.051
95.025
95.164
95.277
95.352
95.368
95.398
95.413
95.506
95.513
95.549
95.481
95.54
95.635
95.881
95.998
96.008
96.002
96.073
95.976
95.879
95.927
95.956
95.922
95.729
95.779
95.778
95.813
95.785
95.381
95.398
95.243
95.251
95.184
95.15
95.097
95.06
94.737
94.969
94.81
94.9
95.014
95.011
94.865
94.953
94.92
94.946
94.932
94.825
94.618
94.679
94.623
94.341
94.335
94.691
94.798
94.858
94.943
94.673
94.416
94.537
94.354
94.503
94.446
94.508
94.495
94.615
94.842
94.711
94.897
94.87
94.811
94.866
94.753
94.735
94.622
94.685
94.736
94.724
94.802
94.739
94.655
94.556
94.333
93.823
93.993
94.006
94.122
94.127
94.168
94.211
93.937
94.099
94.353
94.277
94.291
94.162
94.203
94.23
94.192
94.114
94.195
94.281
94.21
94.316
94.195
94.243
94.236
94.393
94.474
94.482
94.499
94.412
94.501
94.632
94.629
94.613
94.655
94.74
94.818
94.836
94.736
94.704
94.694
94.583
94.556
94.354
94.221
94.297
94.299
94.308
94.371
94.37
94.403
94.365
94.42
94.445
94.385
94.366
94.318
94.236
94.113
94.01
94.152
94.071
94.107
94.18
94.216
94.113
93.986
94.195
94.276
94.277
94.203
94.153
94.071
94.086
94.054
94.118
94.104
94.11
94.201
94.266
94.19
94.145
94.12
94.065
94.109
94.025
94.055
94.115
94.028
94.016
94.048
94.056
94.092
94.065
94.124
94.148
94.177
94.191
94.195
94.19
94.141
94.202
94.202
94.261
94.308
94.291
94.295
93.913
93.922
94.03
93.899
93.852
93.812
93.462
93.524
93.476
93.695
93.71
93.692
93.587
93.225
93.277
93.309
93.299
93.354
93.313
93.221
93.183
93.185
93.175
93.065
93.041
93.045
92.724
92.832
92.74
92.871
92.845
93.104
93.284
93.289
93.236
93.194
93.373
93.54
93.411
93.483
93.386
93.336
93.454
93.406
93.358
93.368
93.355
93.59
93.626
93.526
93.523
93.528
93.522
93.413
93.421
93.521
93.55
93.488
93.445
93.233
92.903
92.849
92.947
92.876
92.781
92.832
92.915
93.043
93.045
92.965
92.788
92.875
92.987
92.913
92.895
94.122
94.746
95.248
95.56
95.379
95.495
95.459
95.464
95.385
95.764
96.311
96.073
96.151
96.156
96.123
96.188
96.319
96.328
96.335
96.39
96.82
96.839
97.095
96.895
96.32
96.302
96.222
96.337
96.302
96.167
96.166
96.228
96.312
96.711
97.108
96.96
97.129
97.313
97.675
97.666
97.515
98.232
98.38
98.742
98.459
98.377
98.401
98.542
98.567
98.539
98.571
98.822
98.926
98.634
98.672
98.562
98.57
98.489
98.861
98.914
98.807
99.16
99.219
99.313
99.358
99.47
99.569
99.299
99.111
99.396
99.331
99.323
99.321
99.12
98.928
98.925
98.922
98.936
98.936
98.911
98.944
98.979
98.927
99.014
99.146
99.223
99.26
98.983
98.997
99.156
99.124
99.024
99.13
98.975
99.014
98.976
99.103
99.094
99.161
99.347
99.42
99.372
99.548
99.076
99.332
99.602
99.492
99.569
99.78
99.725
99.765
99.802
99.773
99.809
99.765
99.683
99.61
99.6
99.408
99.592
99.603
99.686
99.637
99.634
99.625
99.535
99.544
99.401
99.34
99.371
99.566
99.451
99.645
99.878
99.858
99.829
99.64
99.746
99.705
99.689
99.569
99.475
99.546
99.424
99.425
99.472
99.396
99.318
99.105
99.147
99.222
99.199
99.114
98.914
98.769
99.003
98.983
99.011
98.865
98.604
98.4
98.4
98.322
98.406
98.409
98.561
